60.7465241040059 0.25270748138427734
60.7465241040059 0.26069116592407227
60.7465241040059 0.340618371963501
66.40394049833769 0.007999897003173828
66.40394049833769 0.01699972152709961
66.40394049833769 0.0650477409362793
58.47031714903996 0.008000612258911133
58.47031714903996 0.01699995994567871
58.47031714903996 0.06256818771362305
44.801783416269025 0.00900411605834961
44.801783416269025 0.0180056095123291
44.801783416269025 0.06485509872436523
77.36110332417296 0.009515523910522461
77.36110332417296 0.0175173282623291
77.36110332417296 0.06072354316711426
61.53036749928115 0.00999903678894043
61.53036749928115 0.01899862289428711
61.53036749928115 0.06551861763000488
65.42607243493724 0.008002996444702148
65.42607243493724 0.016003847122192383
65.42607243493724 0.062006235122680664
42.624218309421515 0.008513689041137695
42.624218309421515 0.016516447067260742
42.624218309421515 0.06451034545898438
69.4155830065636 0.008005619049072266
69.4155830065636 0.01600337028503418
69.4155830065636 0.058240652084350586
87.29462026452128 0.007002592086791992
87.29462026452128 0.01600193977355957
87.29462026452128 0.06207895278930664
59.83423928586589 0.008000612258911133
59.83423928586589 0.01600050926208496
59.83423928586589 0.059987783432006836
61.447161800095905 0.008006572723388672
61.447161800095905 0.016006946563720703
61.447161800095905 0.062088727951049805
85.83060174041722 0.007999420166015625
85.83060174041722 0.01600337028503418
85.83060174041722 0.0583341121673584
75.71989759799558 0.00899958610534668
75.71989759799558 0.01699995994567871
75.71989759799558 0.06200432777404785
67.63633258356941 0.007999897003173828
67.63633258356941 0.01699972152709961
67.63633258356941 0.06099987030029297
53.125304084339 0.00700068473815918
53.125304084339 0.015999794006347656
53.125304084339 0.061514854431152344
70.15978338153295 0.00800180435180664
70.15978338153295 0.016514062881469727
70.15978338153295 0.061269521713256836
64.19340700166018 0.009000062942504883
64.19340700166018 0.01699995994567871
64.19340700166018 0.0625157356262207
63.86331960842973 0.007998466491699219
63.86331960842973 0.01599740982055664
63.86331960842973 0.06200051307678223
37.77769598247561 0.008008003234863281
37.77769598247561 0.01752495765686035
37.77769598247561 0.06252455711364746
53.48941838205633 0.008001327514648438
53.48941838205633 0.016001224517822266
53.48941838205633 0.06000876426696777
52.124639454990074 0.008000373840332031
52.124639454990074 0.01751255989074707
52.124639454990074 0.06269145011901855
59.080459618524834 0.007990121841430664
59.080459618524834 0.01699042320251465
59.080459618524834 0.06208968162536621
42.964884142645765 0.00800180435180664
42.964884142645765 0.01600170135498047
42.964884142645765 0.06300640106201172
70.79076279607938 0.008509159088134766
70.79076279607938 0.016509532928466797
70.79076279607938 0.05953168869018555
115.37125920677157 0.008000612258911133
115.37125920677157 0.017000436782836914
115.37125920677157 0.06164741516113281
63.444978877885006 0.009000301361083984
63.444978877885006 0.017000675201416016
63.444978877885006 0.06200408935546875
70.70928443330824 0.00850987434387207
70.70928443330824 0.016509532928466797
70.70928443330824 0.06151223182678223
41.8516253537869 0.00699925422668457
41.8516253537869 0.014999151229858398
41.8516253537869 0.05751323699951172
142.72208407872196 0.008002758026123047
142.72208407872196 0.017000913619995117
142.72208407872196 0.06101107597351074
59.19814820628477 0.008000850677490234
59.19814820628477 0.017514467239379883
59.19814820628477 0.06354546546936035
46.45183867590421 0.00800013542175293
46.45183867590421 0.017000198364257812
46.45183867590421 0.06151461601257324
61.384422225041384 0.007999181747436523
61.384422225041384 0.01600193977355957
61.384422225041384 0.05865073204040527
112.05057252061034 0.009000062942504883
112.05057252061034 0.01701045036315918
112.05057252061034 0.06185436248779297
63.90974615066753 0.007998466491699219
63.90974615066753 0.015997886657714844
63.90974615066753 0.060509681701660156
59.72823262242579 0.007001638412475586
59.72823262242579 0.015999794006347656
59.72823262242579 0.06193876266479492
52.23459559818795 0.008002758026123047
52.23459559818795 0.015002727508544922
52.23459559818795 0.05763888359069824
100.75312893536997 0.00800013542175293
100.75312893536997 0.017000675201416016
100.75312893536997 0.061046600341796875
53.17989426118562 0.0070002079010009766
53.17989426118562 0.01600050926208496
53.17989426118562 0.0619654655456543
43.05846485535484 0.009004831314086914
43.05846485535484 0.01700425148010254
43.05846485535484 0.06151390075683594
90.5067209288483 0.008002042770385742
90.5067209288483 0.01699972152709961
90.5067209288483 0.05965304374694824
122.57297373125675 0.008999347686767578
122.57297373125675 0.017000198364257812
122.57297373125675 0.06200885772705078
85.1102903967379 0.008518218994140625
85.1102903967379 0.01751565933227539
85.1102903967379 0.06151556968688965
58.85077812553109 0.008000612258911133
58.85077812553109 0.017000913619995117
58.85077812553109 0.06155562400817871
76.53068797630443 0.007999420166015625
76.53068797630443 0.01599907875061035
76.53068797630443 0.05877828598022461
96.43295410980069 0.008509635925292969
96.43295410980069 0.016510009765625
96.43295410980069 0.06160473823547363
76.51759815075195 0.007998228073120117
76.51759815075195 0.01799798011779785
76.51759815075195 0.06251335144042969
47.926001808757135 0.008999824523925781
47.926001808757135 0.01699995994567871
47.926001808757135 0.06276607513427734
70.65980349906884 0.008002519607543945
70.65980349906884 0.017002344131469727
70.65980349906884 0.06400656700134277
86.97710400191244 0.008005142211914062
86.97710400191244 0.01700568199157715
86.97710400191244 0.06500792503356934
62.59850244047704 0.008001327514648438
62.59850244047704 0.017007112503051758
62.59850244047704 0.06652069091796875
40.66741493623266 0.007996797561645508
40.66741493623266 0.01699972152709961
40.66741493623266 0.06451630592346191
89.59659897420372 0.008001089096069336
89.59659897420372 0.016000986099243164
89.59659897420372 0.059015750885009766
107.0248964665861 0.00900125503540039
107.0248964665861 0.017999887466430664
107.0248964665861 0.06200051307678223
80.22992463557205 0.009000301361083984
80.22992463557205 0.017006874084472656
80.22992463557205 0.06303119659423828
70.26609341688705 0.009001016616821289
70.26609341688705 0.018002748489379883
70.26609341688705 0.06551814079284668
60.7465241040059 0.37552404403686523
60.7465241040059 0.3856847286224365
60.7465241040059 0.5086429119110107
66.40394049833769 0.01000070571899414
66.40394049833769 0.021001815795898438
66.40394049833769 0.07265734672546387
58.47031714903996 0.010001659393310547
58.47031714903996 0.025538206100463867
58.47031714903996 0.07454085350036621
44.801783416269025 0.01200413703918457
44.801783416269025 0.022350311279296875
44.801783416269025 0.07587409019470215
60.7465241040059 0.1904771327972412
60.7465241040059 0.1994764804840088
60.7465241040059 0.24695706367492676
66.40394049833769 0.010991573333740234
66.40394049833769 0.023000717163085938
66.40394049833769 0.07654404640197754
58.47031714903996 0.011998176574707031
58.47031714903996 0.02299976348876953
58.47031714903996 0.06827712059020996
44.801783416269025 0.00902104377746582
44.801783416269025 0.017557144165039062
44.801783416269025 0.06255745887756348
60.7465241040059 0.2965996265411377
60.7465241040059 0.3075997829437256
60.7465241040059 0.39650917053222656
66.40394049833769 0.011003971099853516
66.40394049833769 0.02200007438659668
66.40394049833769 0.07206892967224121
58.47031714903996 0.010995864868164062
58.47031714903996 0.02398848533630371
61.22596127298901 0.23993349075317383
61.22596127298901 0.2499077320098877
61.22596127298901 0.36789369583129883
66.40394049833769 0.009000062942504883
66.40394049833769 0.017006874084472656
66.40394049833769 0.06436824798583984
58.47031714903996 0.008000612258911133
58.47031714903996 0.020998716354370117
58.47031714903996 0.07055997848510742
44.801783416269025 0.010598897933959961
44.801783416269025 0.020608186721801758
44.801783416269025 0.06960034370422363
60.7465241040059 0.28539299964904785
60.7465241040059 0.29438352584838867
60.7465241040059 0.3791086673736572
66.40394049833769 0.010000467300415039
66.40394049833769 0.018033266067504883
66.40394049833769 0.06874227523803711
58.47031714903996 0.009985923767089844
58.47031714903996 0.02599811553955078
58.47031714903996 0.08254528045654297
44.801783416269025 0.009995222091674805
44.801783416269025 0.020996570587158203
44.801783416269025 0.07128024101257324
60.7465241040059 0.1804516315460205
60.7465241040059 0.370577335357666
60.7465241040059 1.2249207496643066
60.7465241040059 0.17791223526000977
60.7465241040059 0.3612551689147949
60.7465241040059 12.885559558868408
60.7465241040059 0.17420744895935059
60.7465241040059 0.3555459976196289
60.7465241040059 6.334050893783569
60.7465241040059 0.17911314964294434
60.7465241040059 0.3612380027770996
60.7465241040059 0.1875772476196289
60.7465241040059 0.39140796661376953
60.7465241040059 7.7771360874176025
60.7465241040059 0.18279647827148438
60.7465241040059 0.37062740325927734
60.7465241040059 5.38536524772644
60.7465241040059 0.1833360195159912
60.7465241040059 0.3657059669494629
60.7465241040059 14.277636051177979
60.7465241040059 0.19132566452026367
60.7465241040059 0.39942359924316406
60.7465241040059 3.0429372787475586
66.40394049833769 0.21313190460205078
66.40394049833769 0.40767669677734375
66.40394049833769 2.4039971828460693
58.47031714903996 0.20820069313049316
58.47031714903996 0.39780688285827637
58.47031714903996 1.8566319942474365
44.801783416269025 0.19380712509155273
44.801783416269025 0.38905811309814453
44.801783416269025 2.1702280044555664
60.7465241040059 0.18084025382995605
60.7465241040059 0.3646538257598877
60.7465241040059 0.005995273590087891
60.7465241040059 0.009994983673095703
60.7465241040059 2.665165424346924
66.40394049833769 0.003996372222900391
66.40394049833769 0.009003877639770508
66.40394049833769 1.8095040321350098
58.47031714903996 0.0060002803802490234
58.47031714903996 0.011993169784545898
58.47031714903996 1.799051284790039
44.801783416269025 0.0050008296966552734
44.801783416269025 0.010002851486206055
44.801783416269025 1.6755568981170654
60.7465241040059 0.0070002079010009766
60.7465241040059 0.012000083923339844
60.7465241040059 1.936227560043335
66.40394049833769 0.007002353668212891
66.40394049833769 0.01399993896484375
66.40394049833769 1.4583306312561035
58.47031714903996 0.005993366241455078
58.47031714903996 0.010988235473632812
58.47031714903996 1.2217199802398682
44.801783416269025 0.006540775299072266
44.801783416269025 0.012538433074951172
44.801783416269025 1.1692750453948975
60.7465241040059 0.007007122039794922
60.7465241040059 0.012532949447631836
60.7465241040059 0.7173812389373779
66.40394049833769 0.0050013065338134766
66.40394049833769 0.01098942756652832
66.40394049833769 0.6738917827606201
58.47031714903996 0.004997968673706055
58.47031714903996 0.010529756546020508
58.47031714903996 0.6754567623138428
44.801783416269025 0.004997968673706055
44.801783416269025 0.009997844696044922
44.801783416269025 0.6946439743041992
60.7465241040059 0.012016057968139648
60.7465241040059 0.0180051326751709
60.7465241040059 0.7286994457244873
66.40394049833769 0.006125450134277344
66.40394049833769 0.011634588241577148
66.40394049833769 0.7338240146636963
58.47031714903996 0.004892587661743164
58.47031714903996 0.010960578918457031
58.47031714903996 0.777662992477417
44.801783416269025 0.004999399185180664
44.801783416269025 0.010098934173583984
44.801783416269025 0.7215726375579834
60.7465241040059 0.006009578704833984
60.7465241040059 0.01163172721862793
60.7465241040059 0.7300028800964355
66.40394049833769 0.005002021789550781
66.40394049833769 0.01000070571899414
66.40394049833769 0.717689037322998
58.47031714903996 0.00502467155456543
58.47031714903996 0.010838747024536133
58.47031714903996 0.7088444232940674
44.801783416269025 0.010863542556762695
44.801783416269025 0.015741348266601562
44.801783416269025 0.7391276359558105
60.7465241040059 0.006927490234375
60.7465241040059 0.01276397705078125
60.7465241040059 0.6916375160217285
66.40394049833769 0.004000663757324219
66.40394049833769 0.00850820541381836
66.40394049833769 0.7011539936065674
58.47031714903996 0.005685329437255859
58.47031714903996 0.009889364242553711
58.47031714903996 0.7074341773986816
44.801783416269025 0.005006551742553711
44.801783416269025 0.010062217712402344
44.801783416269025 0.7336587905883789
60.7465241040059 0.006006717681884766
60.7465241040059 0.011007308959960938
60.7465241040059 0.7268233299255371
66.40394049833769 0.0044748783111572266
66.40394049833769 0.008482217788696289
66.40394049833769 0.7523529529571533
58.47031714903996 0.004000663757324219
58.47031714903996 0.008687973022460938
58.47031714903996 0.6871082782745361
44.801783416269025 0.003008127212524414
44.801783416269025 0.008657455444335938
44.801783416269025 0.7301836013793945
60.7465241040059 0.012749433517456055
60.7465241040059 0.01802968978881836
60.7465241040059 0.0058879852294921875
60.7465241040059 0.01091766357421875
60.7465241040059 0.10973072052001953
66.40394049833769 0.0043201446533203125
66.40394049833769 0.009328603744506836
66.40394049833769 0.0955510139465332
58.47031714903996 0.004350185394287109
58.47031714903996 0.009474754333496094
58.47031714903996 0.10248947143554688
44.801783416269025 0.004686594009399414
44.801783416269025 0.009891033172607422
44.801783416269025 0.10378289222717285
60.7465241040059 0.007339000701904297
60.7465241040059 0.011338472366333008
60.7465241040059 0.005690813064575195
60.7465241040059 0.010230779647827148
60.7465241040059 0.005689859390258789
60.7465241040059 0.01121973991394043
60.7465241040059 0.005628347396850586
60.7465241040059 0.010012626647949219
60.7465241040059 0.005087137222290039
60.7465241040059 0.010497093200683594
60.7465241040059 0.008008956909179688
60.7465241040059 0.014011144638061523
60.7465241040059 1.3813085556030273
60.7465241040059 4.831625699996948
60.7465241040059 1.9684524536132812
60.7465241040059 2.596330404281616
60.7465241040059 0.006005764007568359
60.7465241040059 0.011689424514770508
60.7465241040059 0.00634002685546875
60.7465241040059 0.010695695877075195
60.7465241040059 0.006009817123413086
60.7465241040059 0.01767587661743164
60.7465241040059 0.006334066390991211
60.7465241040059 0.011135578155517578
60.7465241040059 0.005810260772705078
60.7465241040059 0.009809732437133789
60.7465241040059 0.006296634674072266
60.7465241040059 0.010717630386352539
60.7465241040059 0.02267289161682129
60.7465241040059 0.02867436408996582
60.7465241040059 0.005999088287353516
60.7465241040059 0.01000070571899414
60.7465241040059 0.004998922348022461
60.7465241040059 0.009998321533203125
60.7465241040059 0.0049974918365478516
60.7465241040059 0.00899815559387207
60.7465241040059 0.00599980354309082
60.7465241040059 0.010999679565429688
60.7465241040059 0.004998922348022461
60.7465241040059 0.008998632431030273
60.7465241040059 0.004985809326171875
60.7465241040059 0.008985757827758789
60.7465241040059 0.004999637603759766
60.7465241040059 0.00899958610534668
60.7465241040059 0.0050008296966552734
60.7465241040059 0.01000070571899414
60.7465241040059 0.0060007572174072266
60.7465241040059 0.011000394821166992
60.7465241040059 0.006000995635986328
60.7465241040059 0.01100015640258789
60.7465241040059 0.025730133056640625
60.7465241040059 0.030729293823242188
60.7465241040059 0.2491893768310547
66.40394049833769 0.004004716873168945
66.40394049833769 0.008004426956176758
66.40394049833769 0.16592168807983398
58.47031714903996 0.003996849060058594
58.47031714903996 0.007999897003173828
58.47031714903996 0.17174482345581055
44.801783416269025 0.004006385803222656
44.801783416269025 0.009002685546875
44.801783416269025 0.17249226570129395
60.7465241040059 0.005999326705932617
60.7465241040059 0.009985208511352539
60.7465241040059 0.1654973030090332
66.40394049833769 0.004512786865234375
66.40394049833769 0.008510351181030273
66.40394049833769 0.17002344131469727
58.47031714903996 0.0049991607666015625
58.47031714903996 0.008998870849609375
58.47031714903996 0.1678023338317871
44.801783416269025 0.004007101058959961
44.801783416269025 0.00900125503540039
44.801783416269025 0.17102909088134766
60.7465241040059 0.005986213684082031
60.7465241040059 0.009986162185668945
60.7465241040059 0.17301583290100098
66.40394049833769 0.0049974918365478516
66.40394049833769 0.009998321533203125
66.40394049833769 0.17345738410949707
58.47031714903996 0.005000591278076172
58.47031714903996 0.008997917175292969
58.47031714903996 0.1746060848236084
44.801783416269025 0.004508018493652344
44.801783416269025 0.009509086608886719
44.801783416269025 0.1740119457244873
60.7465241040059 0.0050013065338134766
60.7465241040059 0.00900125503540039
60.7465241040059 0.1760272979736328
66.40394049833769 0.0039997100830078125
66.40394049833769 0.008000612258911133
66.40394049833769 0.173781156539917
58.47031714903996 0.0050008296966552734
58.47031714903996 0.009999752044677734
58.47031714903996 0.18477106094360352
44.801783416269025 0.005508899688720703
44.801783416269025 0.00950932502746582
44.801783416269025 0.19703102111816406
60.7465241040059 0.0050013065338134766
60.7465241040059 0.008999347686767578
60.7465241040059 0.16913151741027832
66.40394049833769 0.004296541213989258
66.40394049833769 0.008293867111206055
66.40394049833769 0.17134308815002441
58.47031714903996 0.005002737045288086
58.47031714903996 0.009000301361083984
58.47031714903996 0.17382097244262695
44.801783416269025 0.003998756408691406
44.801783416269025 0.009002208709716797
44.801783416269025 0.16904211044311523
60.7465241040059 0.004999876022338867
60.7465241040059 0.00951385498046875
60.7465241040059 0.32642412185668945
66.40394049833769 0.003999948501586914
66.40394049833769 0.009000062942504883
66.40394049833769 0.3253047466278076
58.47031714903996 0.004999876022338867
58.47031714903996 0.009000062942504883
58.47031714903996 0.3205254077911377
44.801783416269025 0.005006313323974609
44.801783416269025 0.009007930755615234
44.801783416269025 0.31606340408325195
60.7465241040059 0.005988121032714844
60.7465241040059 0.00998830795288086
60.7465241040059 0.3227856159210205
66.40394049833769 0.004999876022338867
66.40394049833769 0.009001731872558594
66.40394049833769 0.33555126190185547
58.47031714903996 0.0045049190521240234
58.47031714903996 0.008511543273925781
58.47031714903996 0.330822229385376
44.801783416269025 0.005997657775878906
44.801783416269025 0.009998559951782227
44.801783416269025 0.3334376811981201
60.7465241040059 0.0049974918365478516
60.7465241040059 0.008997917175292969
60.7465241040059 0.318784236907959
66.40394049833769 0.0049974918365478516
66.40394049833769 0.009000062942504883
66.40394049833769 0.32861971855163574
58.47031714903996 0.004004001617431641
58.47031714903996 0.009007453918457031
58.47031714903996 0.33999085426330566
44.801783416269025 0.00500178337097168
44.801783416269025 0.00899958610534668
44.801783416269025 0.3332068920135498
64.39025193134967 0.004998445510864258
64.39025193134967 0.008998870849609375
64.39025193134967 0.3217003345489502
70.25300067421304 0.0050029754638671875
70.25300067421304 0.009000062942504883
70.25300067421304 0.3456389904022217
63.813618364328995 0.0039997100830078125
63.813618364328995 0.007999658584594727
63.813618364328995 0.3250768184661865
50.168409386239205 0.0050084590911865234
50.168409386239205 0.00899958610534668
50.168409386239205 0.317807674407959
63.25130800666605 0.00600123405456543
63.25130800666605 0.010001659393310547
63.25130800666605 0.3102152347564697
69.08593180974808 0.004000425338745117
69.08593180974808 0.009000062942504883
69.08593180974808 0.31851983070373535
60.788890685371484 0.003994941711425781
60.788890685371484 0.007995843887329102
60.788890685371484 0.32668495178222656
47.57824292227353 0.004998922348022461
47.57824292227353 0.008998870849609375
47.57824292227353 0.31957411766052246
60.7465241040059 0.004999399185180664
60.7465241040059 0.009999990463256836
60.7465241040059 0.7939097881317139
66.40394049833769 0.003999471664428711
66.40394049833769 0.009999275207519531
66.40394049833769 0.8156428337097168
58.47031714903996 0.00400090217590332
58.47031714903996 0.008001089096069336
58.47031714903996 0.8034286499023438
44.801783416269025 0.005001068115234375
44.801783416269025 0.009511947631835938
44.801783416269025 0.8211133480072021
60.7465241040059 0.0049991607666015625
60.7465241040059 0.008997440338134766
60.7465241040059 0.9845783710479736
66.40394049833769 0.004002571105957031
66.40394049833769 0.009999990463256836
66.40394049833769 0.9936902523040771
58.47031714903996 0.0039997100830078125
58.47031714903996 0.008999824523925781
58.47031714903996 1.0126721858978271
44.801783416269025 0.004999637603759766
44.801783416269025 0.009000062942504883
44.801783416269025 1.0135881900787354
60.7465241040059 0.004997968673706055
60.7465241040059 0.008998870849609375
60.7465241040059 0.8308165073394775
66.40394049833769 0.00400233268737793
66.40394049833769 0.008002281188964844
66.40394049833769 0.8493659496307373
58.47031714903996 0.0060007572174072266
58.47031714903996 0.010003089904785156
58.47031714903996 0.860729455947876
44.801783416269025 0.004004716873168945
44.801783416269025 0.00800466537475586
44.801783416269025 0.8389401435852051
60.7465241040059 6.064911603927612
60.7465241040059 8.526283502578735
60.7465241040059 12.510915040969849
66.40394049833769 1.8456156253814697
66.40394049833769 2.5754120349884033
66.40394049833769 5.117184162139893
60.7465241040059 2.25927734375
60.7465241040059 2.8294336795806885
60.7465241040059 6.407099723815918
66.40394049833769 1.0874741077423096
66.40394049833769 1.59786057472229
66.40394049833769 3.4500484466552734
58.47031714903996 0.5010778903961182
58.47031714903996 1.147303581237793
58.47031714903996 5.40311861038208
44.801783416269025 1.9700939655303955
44.801783416269025 3.1907334327697754
44.801783416269025 5.900346040725708
60.7465241040059 0.04898810386657715
60.7465241040059 0.0978860855102539
60.7465241040059 1.576986312866211
66.40394049833769 0.05099964141845703
66.40394049833769 0.0995175838470459
66.40394049833769 1.556159257888794
58.47031714903996 0.04850482940673828
58.47031714903996 0.09750604629516602
58.47031714903996 1.496128797531128
44.801783416269025 0.049074649810791016
44.801783416269025 0.10036849975585938
44.801783416269025 1.4419400691986084
60.7465241040059 0.04909563064575195
60.7465241040059 0.10144543647766113
60.7465241040059 1.6320228576660156
66.40394049833769 0.05192136764526367
66.40394049833769 0.10061311721801758
66.40394049833769 1.6019926071166992
58.47031714903996 0.05030250549316406
58.47031714903996 0.10209155082702637
58.47031714903996 1.5499746799468994
44.801783416269025 0.05242776870727539
44.801783416269025 0.10610127449035645
44.801783416269025 1.4903182983398438
60.7465241040059 0.053508758544921875
60.7465241040059 0.10651588439941406
60.7465241040059 1.6438043117523193
66.40394049833769 0.04900360107421875
66.40394049833769 0.09751319885253906
66.40394049833769 1.581845760345459
58.47031714903996 0.04754471778869629
58.47031714903996 0.09719133377075195
58.47031714903996 1.530228853225708
44.801783416269025 0.04907870292663574
44.801783416269025 0.10107851028442383
44.801783416269025 1.4955518245697021
60.7465241040059 0.04914212226867676
60.7465241040059 0.09914684295654297
60.7465241040059 1.5756611824035645
66.40394049833769 0.05051255226135254
66.40394049833769 0.09951281547546387
66.40394049833769 1.5447845458984375
58.47031714903996 0.05000019073486328
58.47031714903996 0.10251402854919434
58.47031714903996 1.5297374725341797
44.801783416269025 0.053377389907836914
44.801783416269025 0.10737109184265137
44.801783416269025 1.5793089866638184
60.7465241040059 0.050520896911621094
60.7465241040059 0.10351991653442383
60.7465241040059 1.6218907833099365
66.40394049833769 0.05352663993835449
66.40394049833769 0.10753107070922852
66.40394049833769 1.647756814956665
58.47031714903996 0.05100584030151367
58.47031714903996 0.1015162467956543
58.47031714903996 1.5537302494049072
44.801783416269025 0.05119657516479492
44.801783416269025 0.10370850563049316
44.801783416269025 1.5284881591796875
60.7465241040059 0.05351448059082031
60.7465241040059 0.10751986503601074
60.7465241040059 1.6082987785339355
66.40394049833769 0.05388474464416504
66.40394049833769 0.1008903980255127
66.40394049833769 1.543609857559204
58.47031714903996 0.052004337310791016
58.47031714903996 0.10351276397705078
58.47031714903996 1.5297315120697021
44.801783416269025 0.052516937255859375
44.801783416269025 0.10651707649230957
44.801783416269025 1.4965722560882568
60.7465241040059 0.04947495460510254
60.7465241040059 0.09997868537902832
60.7465241040059 1.5620434284210205
66.40394049833769 0.05250740051269531
66.40394049833769 0.10051488876342773
66.40394049833769 1.5405941009521484
58.47031714903996 0.05100703239440918
58.47031714903996 0.10051751136779785
58.47031714903996 1.5623369216918945
44.801783416269025 0.05300021171569824
44.801783416269025 0.10279464721679688
44.801783416269025 1.5053868293762207
60.7465241040059 0.04952526092529297
60.7465241040059 0.09894680976867676
60.7465241040059 1.58803129196167
66.40394049833769 0.05110669136047363
66.40394049833769 0.10012173652648926
66.40394049833769 1.5248277187347412
58.47031714903996 0.04935026168823242
58.47031714903996 0.10086393356323242
58.47031714903996 1.5040771961212158
44.801783416269025 0.05000019073486328
44.801783416269025 0.10452127456665039
44.801783416269025 1.4939520359039307
60.7465241040059 0.053998470306396484
60.7465241040059 0.10508012771606445
60.7465241040059 1.5903186798095703
66.40394049833769 0.05199599266052246
66.40394049833769 0.10051488876342773
66.40394049833769 1.5481836795806885
58.47031714903996 0.04932594299316406
58.47031714903996 0.09932637214660645
58.47031714903996 1.5351192951202393
44.801783416269025 0.05451154708862305
44.801783416269025 0.10904216766357422
44.801783416269025 1.5136961936950684
60.7465241040059 0.049721479415893555
60.7465241040059 0.10054540634155273
60.7465241040059 1.5994105339050293
66.40394049833769 0.0480043888092041
66.40394049833769 0.0965127944946289
66.40394049833769 1.5395348072052002
58.47031714903996 0.04850912094116211
58.47031714903996 0.09858560562133789
58.47031714903996 1.5178563594818115
44.801783416269025 0.05132746696472168
44.801783416269025 0.10497093200683594
44.801783416269025 1.490177869796753
60.7465241040059 0.049924612045288086
60.7465241040059 0.10066580772399902
60.7465241040059 1.5916903018951416
66.40394049833769 0.05051279067993164
66.40394049833769 0.09751272201538086
66.40394049833769 1.5732648372650146
58.47031714903996 0.05174446105957031
58.47031714903996 0.10674595832824707
58.47031714903996 1.7161941528320312
44.801783416269025 0.05651593208312988
44.801783416269025 0.11603188514709473
44.801783416269025 1.6157288551330566
60.7465241040059 0.05000805854797363
60.7465241040059 0.10251569747924805
60.7465241040059 1.5887093544006348
66.40394049833769 0.05099797248840332
66.40394049833769 0.09851622581481934
66.40394049833769 1.576061725616455
58.47031714903996 0.05083656311035156
58.47031714903996 0.10135102272033691
58.47031714903996 1.5423393249511719
44.801783416269025 0.05126476287841797
44.801783416269025 0.10470271110534668
44.801783416269025 1.4925153255462646
60.7465241040059 0.13232946395874023
60.7465241040059 0.1824338436126709
60.7465241040059 1.6407434940338135
66.40394049833769 0.04890131950378418
66.40394049833769 0.09696435928344727
66.40394049833769 1.519132137298584
58.47031714903996 0.04839801788330078
58.47031714903996 0.09791851043701172
58.47031714903996 1.4972236156463623
44.801783416269025 0.04921436309814453
44.801783416269025 0.10272741317749023
44.801783416269025 1.4799606800079346
60.7465241040059 0.04866456985473633
60.7465241040059 0.09934306144714355
60.7465241040059 1.580899953842163
66.40394049833769 0.04828524589538574
66.40394049833769 0.09679675102233887
66.40394049833769 1.5400872230529785
58.47031714903996 0.0494387149810791
58.47031714903996 0.09824037551879883
58.47031714903996 1.5076327323913574
44.801783416269025 0.0511775016784668
44.801783416269025 0.10417652130126953
44.801783416269025 1.4923696517944336
60.7465241040059 0.04852128028869629
60.7465241040059 0.0992586612701416
60.7465241040059 1.5827090740203857
66.40394049833769 0.050107479095458984
66.40394049833769 0.09962344169616699
66.40394049833769 1.5671417713165283
58.47031714903996 0.04994487762451172
58.47031714903996 0.10045552253723145
58.47031714903996 1.535536527633667
44.801783416269025 0.05146217346191406
44.801783416269025 0.10468912124633789
44.801783416269025 1.5138778686523438
60.7465241040059 0.054573774337768555
60.7465241040059 0.10655879974365234
60.7465241040059 1.579561710357666
66.40394049833769 0.05000424385070801
66.40394049833769 0.09831857681274414
66.40394049833769 1.5440905094146729
58.47031714903996 0.049787044525146484
58.47031714903996 0.10083198547363281
58.47031714903996 1.5236856937408447
44.801783416269025 0.05125093460083008
44.801783416269025 0.10535836219787598
44.801783416269025 1.4958791732788086
60.7465241040059 0.04987192153930664
60.7465241040059 0.1007847785949707
60.7465241040059 1.5773961544036865
66.40394049833769 0.04751420021057129
66.40394049833769 0.09514546394348145
66.40394049833769 1.5668683052062988
58.47031714903996 0.050339460372924805
58.47031714903996 0.10275840759277344
58.47031714903996 1.514643669128418
44.801783416269025 0.05050182342529297
44.801783416269025 0.10350203514099121
44.801783416269025 1.5117254257202148
60.7465241040059 0.05002951622009277
60.7465241040059 0.10153794288635254
60.7465241040059 1.6012871265411377
66.40394049833769 0.05000424385070801
66.40394049833769 0.0991051197052002
66.40394049833769 1.586197853088379
58.47031714903996 0.05099940299987793
58.47031714903996 0.10251927375793457
58.47031714903996 1.5907485485076904
44.801783416269025 0.05300021171569824
44.801783416269025 0.10651540756225586
44.801783416269025 1.5048058032989502
60.7465241040059 0.05151081085205078
60.7465241040059 0.10151100158691406
60.7465241040059 1.5351076126098633
66.40394049833769 0.04712700843811035
66.40394049833769 0.09564661979675293
66.40394049833769 1.4952991008758545
58.47031714903996 0.04800057411193848
58.47031714903996 0.09807968139648438
58.47031714903996 1.4933874607086182
44.801783416269025 0.04954886436462402
44.801783416269025 0.10706830024719238
44.801783416269025 1.5799691677093506
64.13128802702667 0.04815840721130371
64.13128802702667 0.09734702110290527
64.13128802702667 1.575319528579712
70.61503619408079 0.05038189888000488
70.61503619408079 0.10141444206237793
70.61503619408079 1.6293022632598877
63.001097470047114 0.05057382583618164
63.001097470047114 0.10208559036254883
63.001097470047114 1.5879862308502197
48.44227834818012 0.052802324295043945
48.44227834818012 0.10631632804870605
48.44227834818012 1.5915162563323975
60.7465241040059 0.047422170639038086
60.7465241040059 0.09693646430969238
60.7465241040059 1.5717482566833496
68.58102691932736 0.048848628997802734
68.58102691932736 0.1009068489074707
68.58102691932736 1.553476333618164
60.66764857916362 0.051397085189819336
60.66764857916362 0.10239839553833008
60.66764857916362 1.584493637084961
47.43892407242781 0.05065751075744629
47.43892407242781 0.10438680648803711
47.43892407242781 1.6756792068481445
60.7465241040059 0.05031228065490723
60.7465241040059 0.10031270980834961
60.7465241040059 1.5767760276794434
66.13289454746312 0.049921274185180664
66.13289454746312 0.10143303871154785
66.13289454746312 1.594350814819336
60.66764857916362 0.05221962928771973
60.66764857916362 0.10215020179748535
60.66764857916362 1.5788640975952148
47.43892407242781 0.05144453048706055
47.43892407242781 0.1049656867980957
47.43892407242781 1.6780939102172852
60.7465241040059 0.04799842834472656
60.7465241040059 0.09751319885253906
60.7465241040059 1.572094202041626
66.13289454746312 0.049527883529663086
66.13289454746312 0.1013038158416748
66.13289454746312 1.5729076862335205
60.66764857916362 0.05095696449279785
60.66764857916362 0.10195708274841309
60.66764857916362 1.5944197177886963
47.43892407242781 0.05154275894165039
47.43892407242781 0.10554265975952148
47.43892407242781 1.6902976036071777
60.7465241040059 0.048073530197143555
60.7465241040059 0.09807634353637695
60.7465241040059 1.5797152519226074
66.13289454746312 0.05051469802856445
66.13289454746312 0.10251450538635254
66.13289454746312 1.590273380279541
57.667972749457356 0.050512075424194336
57.667972749457356 0.10051178932189941
57.667972749457356 1.59456205368042
44.252681446969696 0.0519261360168457
44.252681446969696 0.10992622375488281
44.252681446969696 1.562213659286499
60.7465241040059 0.05151104927062988
60.7465241040059 0.10251641273498535
60.7465241040059 1.5464107990264893
66.13289454746312 0.04893183708190918
66.13289454746312 0.09993577003479004
66.13289454746312 1.5525166988372803
57.667972749457356 0.048514366149902344
57.667972749457356 0.09751558303833008
57.667972749457356 1.5377254486083984
44.252681446969696 0.050562143325805664
44.252681446969696 0.10707783699035645
44.252681446969696 1.4900496006011963
60.7465241040059 0.047681570053100586
60.7465241040059 0.09937882423400879
60.7465241040059 1.5768258571624756
66.13289454746312 0.05099940299987793
66.13289454746312 0.10451650619506836
66.13289454746312 1.6087310314178467
57.667972749457356 0.049948930740356445
57.667972749457356 0.10146427154541016
57.667972749457356 1.6227898597717285
44.252681446969696 0.05290389060974121
44.252681446969696 0.11201238632202148
44.252681446969696 1.5892887115478516
60.7465241040059 0.006993532180786133
60.7465241040059 0.011870145797729492
60.7465241040059 0.9443469047546387
66.13289454746312 0.004999876022338867
66.13289454746312 0.009691953659057617
66.13289454746312 0.9465022087097168
57.667972749457356 0.004999876022338867
57.667972749457356 0.008987188339233398
57.667972749457356 0.8841080665588379
44.252681446969696 0.004999876022338867
44.252681446969696 0.009999752044677734
44.252681446969696 0.8894824981689453
60.7465241040059 0.06179070472717285
60.7465241040059 0.13243627548217773
60.7465241040059 1.689894437789917
66.13289454746312 0.05326199531555176
66.13289454746312 0.10764312744140625
66.13289454746312 1.7093279361724854
57.667972749457356 0.05749368667602539
57.667972749457356 0.1157376766204834
57.667972749457356 1.661177396774292
44.252681446969696 0.05312061309814453
44.252681446969696 0.11053633689880371
44.252681446969696 1.6210980415344238
60.7465241040059 0.056012868881225586
60.7465241040059 0.11414289474487305
60.7465241040059 1.6341500282287598
66.13289454746312 0.047975778579711914
66.13289454746312 0.10076546669006348
66.13289454746312 1.5893285274505615
57.667972749457356 0.049019813537597656
57.667972749457356 0.09954833984375
57.667972749457356 1.604611873626709
44.252681446969696 0.05166792869567871
44.252681446969696 0.10868191719055176
44.252681446969696 1.6009533405303955
62.79489395141171 0.19891142845153809
62.79489395141171 0.25846147537231445
62.79489395141171 1.9180278778076172
72.60406363048118 0.05055642127990723
72.60406363048118 0.10611891746520996
72.60406363048118 1.526207447052002
64.42917937599171 0.048271894454956055
64.42917937599171 0.09831929206848145
64.42917937599171 1.6174235343933105
44.25268144696972 0.05400538444519043
44.25268144696972 0.11251974105834961
44.25268144696972 1.4739563465118408
60.7465241040059 0.049784183502197266
60.7465241040059 0.10583901405334473
60.7465241040059 1.6670582294464111
66.13289454746312 0.05099630355834961
66.13289454746312 0.1055593490600586
66.13289454746312 1.621321201324463
57.667972749457356 0.051004648208618164
57.667972749457356 0.10654139518737793
57.667972749457356 1.6262843608856201
44.252681446969696 0.0512540340423584
44.252681446969696 0.11125421524047852
44.252681446969696 1.5687739849090576
60.7465241040059 0.0500493049621582
60.7465241040059 0.10067009925842285
60.7465241040059 1.6059536933898926
66.13289454746312 0.053562164306640625
66.13289454746312 0.10921120643615723
66.13289454746312 1.6399693489074707
57.667972749457356 0.05156564712524414
57.667972749457356 0.10598635673522949
57.667972749457356 1.6338856220245361
44.252681446969696 0.054364919662475586
44.252681446969696 0.11357879638671875
44.252681446969696 1.5775513648986816
60.7465241040059 0.04803204536437988
60.7465241040059 0.09672760963439941
60.7465241040059 1.5833566188812256
66.13289454746312 0.05355548858642578
66.13289454746312 0.10639071464538574
66.13289454746312 1.6178309917449951
57.667972749457356 0.05318617820739746
57.667972749457356 0.10525107383728027
57.667972749457356 1.6488163471221924
44.252681446969696 0.05504751205444336
44.252681446969696 0.1151275634765625
44.252681446969696 1.5885956287384033
60.7465241040059 0.051665306091308594
60.7465241040059 0.10321283340454102
60.7465241040059 1.6449007987976074
66.13289454746312 0.0530238151550293
66.13289454746312 0.10685276985168457
66.13289454746312 1.6150023937225342
57.667972749457356 0.048876285552978516
57.667972749457356 0.10000896453857422
57.667972749457356 1.61368727684021
44.252681446969696 0.05077767372131348
44.252681446969696 0.10773086547851562
44.252681446969696 1.5776643753051758
60.7465241040059 0.05242323875427246
60.7465241040059 0.10399866104125977
60.7465241040059 1.5752317905426025
66.13289454746312 0.051810503005981445
66.13289454746312 0.10523509979248047
66.13289454746312 1.6077072620391846
64.4877711224556 0.05032682418823242
64.4877711224556 0.10201883316040039
64.4877711224556 1.601229190826416
44.252681446969696 0.05304217338562012
44.252681446969696 0.11217069625854492
44.252681446969696 1.5486178398132324
61.15577452300156 0.1691298484802246
61.15577452300156 0.219940185546875
61.15577452300156 1.873652696609497
66.13289454746312 0.053000450134277344
66.13289454746312 0.1114966869354248
66.13289454746312 1.5420634746551514
57.667972749457356 0.04654359817504883
57.667972749457356 0.09525346755981445
57.667972749457356 1.521397590637207
44.252681446969696 0.05255007743835449
44.252681446969696 0.10855460166931152
44.252681446969696 1.4986791610717773
61.935633359645706 0.0604710578918457
61.935633359645706 0.1159665584564209
61.935633359645706 1.7204687595367432
66.13289454746312 0.04898667335510254
66.13289454746312 0.10206866264343262
66.13289454746312 1.51210618019104
57.667972749457356 0.047061920166015625
57.667972749457356 0.09532380104064941
57.667972749457356 1.5374224185943604
44.252681446969696 0.0495600700378418
44.252681446969696 0.10678648948669434
44.252681446969696 1.4891853332519531
60.7465241040059 0.22193455696105957
60.7465241040059 0.28719425201416016
60.7465241040059 1.8140554428100586
66.13289454746312 0.05000042915344238
66.13289454746312 0.1025397777557373
66.13289454746312 1.556182622909546
57.667972749457356 0.04679417610168457
57.667972749457356 0.09481000900268555
57.667972749457356 1.5271587371826172
44.252681446969696 0.05099987983703613
44.252681446969696 0.10726094245910645
44.252681446969696 1.5096735954284668
60.7465241040059 0.0848085880279541
60.7465241040059 0.13395285606384277
60.7465241040059 1.5638649463653564
66.13289454746312 0.047516584396362305
66.13289454746312 0.09851837158203125
66.13289454746312 1.5117526054382324
57.667972749457356 0.04691481590270996
57.667972749457356 0.09546041488647461
57.667972749457356 1.5174710750579834
44.252681446969696 0.05020499229431152
44.252681446969696 0.10440850257873535
44.252681446969696 1.4632289409637451
60.7465241040059 0.0471649169921875
60.7465241040059 0.09508943557739258
60.7465241040059 0.04905104637145996
60.7465241040059 0.09701776504516602
60.7465241040059 1.5123863220214844
66.13289454746312 0.04804348945617676
66.13289454746312 0.09904360771179199
66.13289454746312 1.5417425632476807
57.667972749457356 0.046918392181396484
57.667972749457356 0.09643197059631348
57.667972749457356 1.550180196762085
44.252681446969696 0.05180001258850098
44.252681446969696 0.10721683502197266
44.252681446969696 1.5298106670379639
60.30501001158031 0.04790782928466797
60.30501001158031 0.09397745132446289
60.30501001158031 1.4608581066131592
66.13289454746312 0.0473635196685791
66.13289454746312 0.09836363792419434
66.13289454746312 1.496140956878662
57.667972749457356 0.04759049415588379
57.667972749457356 0.09559059143066406
57.667972749457356 1.5092825889587402
44.252681446969696 0.04965066909790039
44.252681446969696 0.10373520851135254
44.252681446969696 1.4761157035827637
60.20649052301254 0.047775983810424805
60.20649052301254 0.09828829765319824
60.20649052301254 1.4806673526763916
66.13289454746312 0.04822945594787598
66.13289454746312 0.09868335723876953
66.13289454746312 1.5106728076934814
57.667972749457356 0.04699993133544922
57.667972749457356 0.09451580047607422
57.667972749457356 1.5187859535217285
44.252681446969696 0.050463199615478516
44.252681446969696 0.10546302795410156
44.252681446969696 1.482398509979248
60.7465241040059 0.14087605476379395
60.7465241040059 0.1973865032196045
60.7465241040059 1.8284518718719482
66.13289454746312 0.06851935386657715
66.13289454746312 0.13803744316101074
66.13289454746312 1.8139705657958984
57.667972749457356 0.051993608474731445
57.667972749457356 0.10452604293823242
57.667972749457356 1.8007957935333252
44.252681446969696 0.06599903106689453
44.252681446969696 0.1335740089416504
44.252681446969696 1.72926926612854
61.86415292267358 0.05121016502380371
61.86415292267358 0.10466790199279785
61.86415292267358 1.668524980545044
66.13289454746312 0.05055737495422363
66.13289454746312 0.10754537582397461
66.13289454746312 1.5953683853149414
57.667972749457356 0.04956769943237305
57.667972749457356 0.10258889198303223
57.667972749457356 1.6150131225585938
44.252681446969696 0.052694082260131836
44.252681446969696 0.11109328269958496
44.252681446969696 1.5355925559997559
60.7465241040059 0.1792440414428711
60.7465241040059 0.2281639575958252
60.7465241040059 1.6489942073822021
66.13289454746312 1.4494655132293701
57.667972749457356 0.047388315200805664
57.667972749457356 0.09638786315917969
57.667972749457356 1.5574159622192383
44.252681446969696 0.05173969268798828
44.252681446969696 0.10825800895690918
44.252681446969696 1.5460376739501953
60.7465241040059 0.005999565124511719
60.7465241040059 0.010001659393310547
60.7465241040059 0.8216524124145508
66.13289454746312 0.820279598236084
57.667972749457356 0.004000186920166016
57.667972749457356 0.007999897003173828
57.667972749457356 0.822573184967041
44.252681446969696 0.004000186920166016
44.252681446969696 0.00851130485534668
44.252681446969696 0.855288028717041
60.7465241040059 0.04780220985412598
60.7465241040059 0.0973198413848877
60.7465241040059 1.5374910831451416
66.13289454746312 0.04861259460449219
66.13289454746312 0.10004734992980957
66.13289454746312 1.5184950828552246
57.667972749457356 0.04790687561035156
57.667972749457356 0.09690642356872559
57.667972749457356 1.5672030448913574
44.252681446969696 0.05008959770202637
44.252681446969696 0.10726356506347656
44.252681446969696 1.5213031768798828
60.28881701010395 0.048270225524902344
60.28881701010395 0.10027050971984863
60.28881701010395 1.5487275123596191
66.13289454746312 1.4902000427246094
57.667972749457356 0.053995609283447266
57.667972749457356 0.10552215576171875
57.667972749457356 1.6760382652282715
44.252681446969696 0.05500030517578125
44.252681446969696 0.11452054977416992
44.252681446969696 1.625298261642456
60.28881701010395 0.05100560188293457
60.28881701010395 0.10153341293334961
60.28881701010395 1.6649651527404785
66.13289454746312 1.511702299118042
57.667972749457356 0.05050849914550781
57.667972749457356 0.10150980949401855
57.667972749457356 1.5884499549865723
44.252681446969696 0.05144953727722168
44.252681446969696 0.10944747924804688
44.252681446969696 1.5810449123382568
