75.05690392199995 0.002999544143676758
75.05690392199995 0.00500035285949707
75.05690392199995 0.007000446319580078
79.49379728107658 0.002007007598876953
79.49379728107658 0.004014015197753906
79.49379728107658 0.00608062744140625
69.87643615800606 0.002068042755126953
69.87643615800606 0.00407719612121582
69.87643615800606 0.006083250045776367
56.62376820523136 0.0020051002502441406
56.62376820523136 0.004127979278564453
56.62376820523136 0.0061397552490234375
53.01134666863295 0.0035066604614257812
53.01134666863295 0.0055081844329833984
53.01134666863295 0.006509065628051758
107.58401940378513 0.004000425338745117
107.58401940378513 0.00800180435180664
107.58401940378513 0.011001348495483398
30.766661548666626 0.002999544143676758
30.766661548666626 0.004999876022338867
30.766661548666626 0.007004261016845703
63.72806179127806 0.002040863037109375
63.72806179127806 0.00505375862121582
63.72806179127806 0.007077693939208984
49.22583864374083 0.0030007362365722656
49.22583864374083 0.0050008296966552734
49.22583864374083 0.0070018768310546875
101.39175633154835 0.002003908157348633
101.39175633154835 0.004010200500488281
101.39175633154835 0.0070192813873291016
62.30953634011491 0.0020046234130859375
62.30953634011491 0.00400996208190918
62.30953634011491 0.006014823913574219
79.82341198255384 0.0020689964294433594
79.82341198255384 0.004215240478515625
79.82341198255384 0.006220102310180664
75.05690392199995 0.1665661334991455
75.05690392199995 0.1736607551574707
75.05690392199995 0.18066120147705078
79.49379728107658 0.006001472473144531
79.49379728107658 0.013525009155273438
79.49379728107658 0.0190279483795166
69.87643615800606 0.006536960601806641
69.87643615800606 0.013538360595703125
69.87643615800606 0.020510435104370117
56.62376820523136 0.0061991214752197266
56.62376820523136 0.013756752014160156
56.62376820523136 0.01975846290588379
75.05690392199995 0.16388344764709473
75.05690392199995 0.1704115867614746
75.05690392199995 0.1764235496520996
79.49379728107658 0.007001399993896484
79.49379728107658 0.012525320053100586
79.49379728107658 0.020051002502441406
69.87643615800606 0.0069980621337890625
69.87643615800606 0.014000654220581055
69.87643615800606 0.02154994010925293
56.62376820523136 0.00840306282043457
56.62376820523136 0.014913082122802734
56.62376820523136 0.022168636322021484
75.05690392199995 0.16332554817199707
75.05690392199995 0.17032694816589355
75.05690392199995 0.1768321990966797
79.49379728107658 0.0070400238037109375
79.49379728107658 0.013573408126831055
79.49379728107658 0.020574569702148438
69.87643615800606 0.007817983627319336
69.87643615800606 0.014853239059448242
69.87643615800606 0.022526264190673828
56.62376820523136 0.007658243179321289
56.62376820523136 0.015213489532470703
56.62376820523136 0.022400856018066406
75.05690392199995 0.1616687774658203
75.05690392199995 0.168532133102417
75.05690392199995 0.17558598518371582
79.49379728107658 0.006513357162475586
79.49379728107658 0.013514518737792969
79.49379728107658 0.02002573013305664
69.87643615800606 0.0063130855560302734
69.87643615800606 0.013315677642822266
69.87643615800606 0.020711421966552734
56.62376820523136 0.007506370544433594
56.62376820523136 0.015201330184936523
56.62376820523136 0.023679018020629883
75.05690392199995 0.1657731533050537
75.05690392199995 0.1732773780822754
75.05690392199995 0.179795503616333
79.49379728107658 0.008514881134033203
79.49379728107658 0.015030145645141602
79.49379728107658 0.022534847259521484
69.87643615800606 0.007504463195800781
69.87643615800606 0.013861894607543945
69.87643615800606 0.021378517150878906
56.62376820523136 0.007506608963012695
56.62376820523136 0.014011383056640625
56.62376820523136 0.02231764793395996
75.05690392199995 0.17082715034484863
75.05690392199995 0.17840838432312012
75.05690392199995 0.1852273941040039
79.49379728107658 0.007925748825073242
79.49379728107658 0.015578746795654297
79.49379728107658 0.02288079261779785
69.87643615800606 0.008806705474853516
69.87643615800606 0.016553878784179688
69.87643615800606 0.025513172149658203
56.62376820523136 0.008625268936157227
56.62376820523136 0.01676797866821289
56.62376820523136 0.023664236068725586
75.05690392199995 0.17262744903564453
75.05690392199995 0.17962884902954102
75.05690392199995 0.1861433982849121
79.49379728107658 0.007513284683227539
79.49379728107658 0.0149078369140625
79.49379728107658 0.021411895751953125
69.87643615800606 0.008005619049072266
69.87643615800606 0.016915082931518555
69.87643615800606 0.02530813217163086
56.62376820523136 0.006559610366821289
56.62376820523136 0.014117956161499023
56.62376820523136 0.021386384963989258
75.05690392199995 0.16004228591918945
75.05690392199995 0.1665477752685547
75.05690392199995 0.17255020141601562
79.49379728107658 0.006253480911254883
79.49379728107658 0.013759136199951172
79.49379728107658 0.020292282104492188
69.87643615800606 0.006517171859741211
69.87643615800606 0.012594461441040039
69.87643615800606 0.02023458480834961
56.62376820523136 0.006515026092529297
56.62376820523136 0.014019250869750977
56.62376820523136 0.021033763885498047
75.05690392199995 0.16319704055786133
75.05690392199995 0.16970276832580566
75.05690392199995 0.17621898651123047
79.49379728107658 0.007513761520385742
79.49379728107658 0.01351618766784668
79.49379728107658 0.022031784057617188
69.87643615800606 0.006506681442260742
69.87643615800606 0.01401662826538086
69.87643615800606 0.021018028259277344
56.62376820523136 0.0075037479400634766
56.62376820523136 0.014521121978759766
56.62376820523136 0.022035837173461914
75.05690392199995 0.1648709774017334
75.05690392199995 0.17126178741455078
75.05690392199995 0.17826342582702637
79.49379728107658 0.0075037479400634766
79.49379728107658 0.013520002365112305
79.49379728107658 0.021054983139038086
69.87643615800606 0.007032155990600586
69.87643615800606 0.01403355598449707
69.87643615800606 0.021520137786865234
56.62376820523136 0.007030963897705078
56.62376820523136 0.014593124389648438
56.62376820523136 0.022248029708862305
75.05690392199995 0.1629955768585205
75.05690392199995 0.16899704933166504
75.05690392199995 0.17601585388183594
79.49379728107658 0.007869243621826172
79.49379728107658 0.014383792877197266
79.49379728107658 0.020481109619140625
69.87643615800606 0.007020711898803711
69.87643615800606 0.014933347702026367
69.87643615800606 0.021782875061035156
56.62376820523136 0.0072479248046875
56.62376820523136 0.01461935043334961
56.62376820523136 0.02068471908569336
75.05690392199995 0.1725778579711914
75.05690392199995 0.17960858345031738
75.05690392199995 0.18763041496276855
79.49379728107658 0.008033990859985352
79.49379728107658 0.014556884765625
79.49379728107658 0.02209925651550293
69.87643615800606 0.007520437240600586
69.87643615800606 0.01552271842956543
69.87643615800606 0.023931026458740234
56.62376820523136 0.008540868759155273
56.62376820523136 0.016602039337158203
56.62376820523136 0.02414846420288086
75.05690392199995 0.16431856155395508
75.05690392199995 0.17082691192626953
75.05690392199995 0.17775344848632812
79.49379728107658 0.007505178451538086
79.49379728107658 0.01450657844543457
79.49379728107658 0.021011829376220703
69.87643615800606 0.00705265998840332
69.87643615800606 0.014570236206054688
69.87643615800606 0.022571802139282227
56.62376820523136 0.008522510528564453
56.62376820523136 0.016524791717529297
56.62376820523136 0.024040699005126953
75.05690392199995 0.16698360443115234
75.05690392199995 0.17351341247558594
75.05690392199995 0.18101763725280762
79.49379728107658 0.008414506912231445
79.49379728107658 0.014415264129638672
79.49379728107658 0.021921157836914062
69.87643615800606 0.007303714752197266
69.87643615800606 0.013831138610839844
69.87643615800606 0.021845102310180664
56.62376820523136 0.008519887924194336
56.62376820523136 0.016711950302124023
56.62376820523136 0.025249481201171875
75.05690392199995 0.1693110466003418
75.05690392199995 0.17731285095214844
75.05690392199995 0.18459177017211914
79.49379728107658 0.007537126541137695
79.49379728107658 0.01510763168334961
79.49379728107658 0.022656917572021484
69.87643615800606 0.007541179656982422
69.87643615800606 0.014686822891235352
69.87643615800606 0.02425360679626465
56.62376820523136 0.008523941040039062
56.62376820523136 0.016659975051879883
56.62376820523136 0.024303197860717773
75.05690392199995 0.16071462631225586
75.05690392199995 0.17038464546203613
75.05690392199995 0.18153691291809082
79.49379728107658 0.010324716567993164
79.49379728107658 0.02124762535095215
79.49379728107658 0.03196382522583008
69.87643615800606 0.0025053024291992188
69.87643615800606 0.013579845428466797
69.87643615800606 0.024247407913208008
56.62376820523136 0.010356903076171875
56.62376820523136 0.014862060546875
56.62376820523136 0.025696516036987305
75.05690392199995 0.17014861106872559
75.05690392199995 0.1767575740814209
75.05690392199995 0.1842820644378662
79.49379728107658 0.007508516311645508
79.49379728107658 0.015013694763183594
79.49379728107658 0.02314019203186035
69.87643615800606 0.007515668869018555
69.87643615800606 0.016019821166992188
69.87643615800606 0.0240328311920166
56.62376820523136 0.008505105972290039
56.62376820523136 0.016639232635498047
56.62376820523136 0.024005889892578125
75.05690392199995 0.20195603370666504
75.05690392199995 0.21215438842773438
75.05690392199995 0.22216153144836426
79.49379728107658 0.01000070571899414
79.49379728107658 0.024186134338378906
79.49379728107658 0.026210784912109375
69.87643615800606 0.00894927978515625
69.87643615800606 0.017264604568481445
69.87643615800606 0.02552199363708496
56.62376820523136 0.008359909057617188
56.62376820523136 0.023559093475341797
56.62376820523136 0.03250622749328613
75.05690392199995 0.17056536674499512
75.05690392199995 0.17656874656677246
75.05690392199995 0.17656874656677246
79.49379728107658 0.007606029510498047
79.49379728107658 0.015550613403320312
79.49379728107658 0.023122787475585938
69.87643615800606 0.010093927383422852
69.87643615800606 0.02553105354309082
69.87643615800606 0.03454327583312988
56.62376820523136 0.011744260787963867
56.62376820523136 0.015995264053344727
56.62376820523136 0.02428412437438965
75.05690392199995 0.1857011318206787
75.05690392199995 0.195692777633667
75.05690392199995 0.20169663429260254
79.49379728107658 0.01000213623046875
79.49379728107658 0.021959781646728516
79.49379728107658 0.025699138641357422
69.87643615800606 0.001781463623046875
69.87643615800606 0.010221004486083984
69.87643615800606 0.02433180809020996
56.62376820523136 0.0028314590454101562
56.62376820523136 0.011168241500854492
56.62376820523136 0.02527475357055664
75.05690392199995 0.17308449745178223
75.05690392199995 0.1800856590270996
75.05690392199995 0.18808865547180176
79.49379728107658 0.008505821228027344
79.49379728107658 0.016507863998413086
79.49379728107658 0.024509668350219727
69.87643615800606 0.009004354476928711
69.87643615800606 0.018006086349487305
69.87643615800606 0.026007652282714844
56.62376820523136 0.010001897811889648
56.62376820523136 0.018004179000854492
56.62376820523136 0.026005029678344727
75.05690392199995 0.19355082511901855
75.05690392199995 0.20255279541015625
75.05690392199995 0.2105543613433838
79.49379728107658 0.009003162384033203
79.49379728107658 0.017507314682006836
79.49379728107658 0.02550983428955078
69.87643615800606 0.009001970291137695
69.87643615800606 0.01800394058227539
69.87643615800606 0.02600574493408203
56.62376820523136 0.010002374649047852
56.62376820523136 0.018004179000854492
56.62376820523136 0.027005910873413086
76.32407885821097 0.24817514419555664
76.32407885821097 0.25668931007385254
76.32407885821097 0.25668931007385254
83.56757166432924 0.010042905807495117
83.56757166432924 0.010042905807495117
83.56757166432924 0.020429611206054688
69.87643615800606 0.008899927139282227
69.87643615800606 0.021922826766967773
69.87643615800606 0.030409812927246094
56.62376820523136 0.011775732040405273
56.62376820523136 0.024636507034301758
56.62376820523136 0.035485267639160156
77.60462732306576 0.26026082038879395
77.60462732306576 0.2678196430206299
77.60462732306576 0.2749454975128174
79.49379728107658 0.009200096130371094
79.49379728107658 0.016315698623657227
79.49379728107658 0.024847745895385742
69.87643615800606 0.01068115234375
69.87643615800606 0.021468162536621094
69.87643615800606 0.031640052795410156
56.62376820523136 0.014024734497070312
56.62376820523136 0.024314165115356445
56.62376820523136 0.03494739532470703
74.43400674398853 0.3400869369506836
74.43400674398853 0.3510901927947998
74.43400674398853 0.36309266090393066
79.49379728107658 0.01328587532043457
79.49379728107658 0.027532577514648438
79.49379728107658 0.03828597068786621
69.87643615800606 0.013057470321655273
69.87643615800606 0.02716541290283203
69.87643615800606 0.04216766357421875
56.62376820523136 0.015178442001342773
56.62376820523136 0.028939008712768555
56.62376820523136 0.04545092582702637
75.05690392199995 0.17574024200439453
75.05690392199995 0.18573951721191406
75.05690392199995 0.19575262069702148
79.49379728107658 0.010437965393066406
79.49379728107658 0.020002126693725586
79.49379728107658 0.020002126693725586
69.87643615800606 0.002889394760131836
69.87643615800606 0.011177539825439453
69.87643615800606 0.023785829544067383
56.62376820523136 0.007638216018676758
56.62376820523136 0.014597654342651367
56.62376820523136 0.024211883544921875
75.05690392199995 0.15688848495483398
75.05690392199995 0.16393589973449707
75.05690392199995 0.17095446586608887
79.49379728107658 0.007161140441894531
79.49379728107658 0.014162540435791016
79.49379728107658 0.02115488052368164
69.87643615800606 0.007001638412475586
69.87643615800606 0.01500391960144043
69.87643615800606 0.02300548553466797
56.62376820523136 0.008002042770385742
56.62376820523136 0.017003774642944336
56.62376820523136 0.02400517463684082
75.05690392199995 0.15700292587280273
75.05690392199995 0.16450905799865723
75.05690392199995 0.1715104579925537
79.49379728107658 0.007000923156738281
79.49379728107658 0.014002323150634766
79.49379728107658 0.02100396156311035
69.87643615800606 0.00800180435180664
69.87643615800606 0.015002965927124023
69.87643615800606 0.022005081176757812
56.62376820523136 0.007001638412475586
56.62376820523136 0.015003442764282227
56.62376820523136 0.022006511688232422
75.05690392199995 0.15807056427001953
75.05690392199995 0.16509222984313965
75.05690392199995 0.17212748527526855
79.49379728107658 0.00701594352722168
79.49379728107658 0.014639854431152344
79.49379728107658 0.02116227149963379
69.87643615800606 0.006837368011474609
69.87643615800606 0.014352083206176758
69.87643615800606 0.021383285522460938
56.62376820523136 0.007539272308349609
56.62376820523136 0.015558719635009766
56.62376820523136 0.02236628532409668
75.05690392199995 0.15834999084472656
75.05690392199995 0.1665787696838379
75.05690392199995 0.1729581356048584
79.49379728107658 0.008265972137451172
79.49379728107658 0.015273809432983398
79.49379728107658 0.02227616310119629
69.87643615800606 0.008001565933227539
69.87643615800606 0.015003204345703125
69.87643615800606 0.02200484275817871
56.62376820523136 0.00800180435180664
56.62376820523136 0.015507221221923828
56.62376820523136 0.022509098052978516
75.05690392199995 0.1608293056488037
75.05690392199995 0.1689605712890625
75.05690392199995 0.17696261405944824
79.49379728107658 0.0070667266845703125
79.49379728107658 0.01412200927734375
79.49379728107658 0.02112269401550293
69.87643615800606 0.008002519607543945
69.87643615800606 0.015003442764282227
69.87643615800606 0.022508859634399414
56.62376820523136 0.008082866668701172
56.62376820523136 0.015171527862548828
56.62376820523136 0.024173259735107422
75.05690392199995 0.158782958984375
75.05690392199995 0.16616201400756836
75.05690392199995 0.17279911041259766
79.49379728107658 0.007589578628540039
79.49379728107658 0.013829708099365234
79.49379728107658 0.020842552185058594
69.87643615800606 0.007127523422241211
69.87643615800606 0.013633966445922852
69.87643615800606 0.02075362205505371
56.62376820523136 0.008098840713500977
56.62376820523136 0.014205217361450195
56.62376820523136 0.022206544876098633
75.05690392199995 0.16459918022155762
75.05690392199995 0.17260074615478516
75.05690392199995 0.17960262298583984
79.49379728107658 0.008001565933227539
79.49379728107658 0.015003204345703125
79.49379728107658 0.022011518478393555
69.87643615800606 0.007504940032958984
69.87643615800606 0.015506505966186523
69.87643615800606 0.022507905960083008
56.62376820523136 0.00800180435180664
56.62376820523136 0.01600360870361328
56.62376820523136 0.023005247116088867
75.05690392199995 0.15706920623779297
75.05690392199995 0.1651761531829834
75.05690392199995 0.17217683792114258
79.49379728107658 0.007089853286743164
79.49379728107658 0.015172481536865234
79.49379728107658 0.02126169204711914
69.87643615800606 0.006403923034667969
69.87643615800606 0.014405488967895508
69.87643615800606 0.021510601043701172
56.62376820523136 0.007016897201538086
56.62376820523136 0.014119625091552734
56.62376820523136 0.020945072174072266
75.05690392199995 0.1520833969116211
75.05690392199995 0.1624000072479248
75.05690392199995 0.1725447177886963
79.49379728107658 0.009867429733276367
79.49379728107658 0.019867420196533203
79.49379728107658 0.019867420196533203
69.87643615800606 0.010000467300415039
69.87643615800606 0.010000467300415039
69.87643615800606 0.019999980926513672
56.62376820523136 0.005513191223144531
56.62376820523136 0.010027408599853516
56.62376820523136 0.020038604736328125
75.05690392199995 0.15718603134155273
75.05690392199995 0.16522645950317383
75.05690392199995 0.17225289344787598
79.49379728107658 0.008008241653442383
79.49379728107658 0.015010356903076172
79.49379728107658 0.022029876708984375
69.87643615800606 0.007023334503173828
69.87643615800606 0.014055013656616211
69.87643615800606 0.021228551864624023
56.62376820523136 0.008109569549560547
56.62376820523136 0.01513528823852539
56.62376820523136 0.022136688232421875
75.05690392199995 0.1619412899017334
75.05690392199995 0.1694653034210205
75.05690392199995 0.18648409843444824
79.49379728107658 0.00802469253540039
79.49379728107658 0.015531539916992188
79.49379728107658 0.023534059524536133
69.87643615800606 0.008504629135131836
69.87643615800606 0.01576399803161621
69.87643615800606 0.023276329040527344
56.62376820523136 0.007506608963012695
56.62376820523136 0.015015840530395508
56.62376820523136 0.022046804428100586
75.05690392199995 0.15962672233581543
75.05690392199995 0.16670703887939453
75.05690392199995 0.17421913146972656
79.49379728107658 0.007074117660522461
79.49379728107658 0.014074563980102539
79.49379728107658 0.022078275680541992
69.87643615800606 0.008114337921142578
69.87643615800606 0.015117883682250977
69.87643615800606 0.022119760513305664
56.62376820523136 0.007017850875854492
56.62376820523136 0.015073776245117188
56.62376820523136 0.022077083587646484
75.05690392199995 0.15845870971679688
75.05690392199995 0.16646051406860352
75.05690392199995 0.1734631061553955
79.49379728107658 0.0075037479400634766
79.49379728107658 0.014506340026855469
79.49379728107658 0.021507978439331055
69.87643615800606 0.0070018768310546875
69.87643615800606 0.01400303840637207
69.87643615800606 0.02100515365600586
56.62376820523136 0.007001638412475586
56.62376820523136 0.014003276824951172
56.62376820523136 0.02200460433959961
75.05690392199995 0.15503191947937012
75.05690392199995 0.16202449798583984
75.05690392199995 0.16902613639831543
79.49379728107658 0.007001399993896484
79.49379728107658 0.01400303840637207
79.49379728107658 0.021005630493164062
69.87643615800606 0.00600123405456543
69.87643615800606 0.014515161514282227
69.87643615800606 0.021529197692871094
56.62376820523136 0.007001161575317383
56.62376820523136 0.014002799987792969
56.62376820523136 0.021004438400268555
75.05690392199995 0.15436053276062012
75.05690392199995 0.16178131103515625
75.05690392199995 0.16790771484375
79.49379728107658 0.007486820220947266
79.49379728107658 0.01448822021484375
79.49379728107658 0.021013259887695312
69.87643615800606 0.007002353668212891
69.87643615800606 0.014100074768066406
69.87643615800606 0.02057480812072754
56.62376820523136 0.007026195526123047
56.62376820523136 0.014027833938598633
56.62376820523136 0.021143436431884766
75.05690392199995 0.15458917617797852
75.05690392199995 0.1615898609161377
75.05690392199995 0.1696937084197998
79.49379728107658 0.007085323333740234
79.49379728107658 0.014167308807373047
79.49379728107658 0.021168947219848633
69.87643615800606 0.007092475891113281
69.87643615800606 0.014093875885009766
69.87643615800606 0.02117466926574707
56.62376820523136 0.006999969482421875
56.62376820523136 0.014064788818359375
56.62376820523136 0.022066593170166016
75.05690392199995 0.15751242637634277
75.05690392199995 0.16551423072814941
75.05690392199995 0.17151546478271484
79.49379728107658 0.007001638412475586
79.49379728107658 0.014004945755004883
79.49379728107658 0.020006418228149414
69.87643615800606 0.007002115249633789
69.87643615800606 0.014003276824951172
69.87643615800606 0.021004915237426758
56.62376820523136 0.007001638412475586
56.62376820523136 0.014003276824951172
56.62376820523136 0.021004915237426758
75.05690392199995 0.25580930709838867
75.05690392199995 0.2658853530883789
75.05690392199995 0.27695345878601074
79.49379728107658 0.014080286026000977
79.49379728107658 0.024617433547973633
79.49379728107658 0.035749197006225586
69.87643615800606 0.01163172721862793
69.87643615800606 0.02376413345336914
69.87643615800606 0.03484392166137695
56.62376820523136 0.012143850326538086
56.62376820523136 0.024226903915405273
56.62376820523136 0.035429954528808594
75.05690392199995 0.17937016487121582
75.05690392199995 0.18744611740112305
75.05690392199995 0.19549059867858887
79.49379728107658 0.009060144424438477
79.49379728107658 0.01611161231994629
79.49379728107658 0.023661375045776367
69.87643615800606 0.008061647415161133
69.87643615800606 0.016127586364746094
69.87643615800606 0.023175716400146484
56.62376820523136 0.00807332992553711
56.62376820523136 0.016139984130859375
56.62376820523136 0.025195598602294922
75.05690392199995 0.16693830490112305
75.05690392199995 0.17395639419555664
75.05690392199995 0.1823129653930664
79.49379728107658 0.008402109146118164
79.49379728107658 0.015403509140014648
79.49379728107658 0.022406339645385742
69.87643615800606 0.007002830505371094
69.87643615800606 0.015004396438598633
69.87643615800606 0.022510528564453125
56.62376820523136 0.008003473281860352
56.62376820523136 0.016002655029296875
56.62376820523136 0.024004697799682617
75.05690392199993 0.1575024127960205
75.05690392199993 0.1645193099975586
75.05690392199993 0.17052054405212402
79.49379728107658 0.006001472473144531
79.49379728107658 0.013002872467041016
79.49379728107658 0.0200042724609375
69.87643615800606 0.007001638412475586
69.87643615800606 0.01350712776184082
69.87643615800606 0.020508766174316406
56.62376820523136 0.007001399993896484
56.62376820523136 0.01400303840637207
56.62376820523136 0.0200042724609375
75.05690392199995 0.15475678443908691
75.05690392199995 0.1617581844329834
75.05690392199995 0.16875982284545898
79.49379728107658 0.007069587707519531
79.49379728107658 0.014274835586547852
79.49379728107658 0.021276235580444336
69.87643615800606 0.0070269107818603516
69.87643615800606 0.014058113098144531
69.87643615800606 0.021061420440673828
56.62376820523136 0.0070056915283203125
56.62376820523136 0.015342473983764648
56.62376820523136 0.022846221923828125
75.05690392199995 0.16001057624816895
75.05690392199995 0.16001057624816895
75.05690392199995 0.17003774642944336
79.49379728107658 0.010010957717895508
79.49379728107658 0.02001166343688965
79.49379728107658 0.02001166343688965
69.87643615800606 0.010000228881835938
69.87643615800606 0.010000228881835938
69.87643615800606 0.020000219345092773
56.62376820523136 0.0
56.62376820523136 0.009999513626098633
56.62376820523136 0.020000696182250977
85.5223848146417 0.1551342010498047
85.5223848146417 0.16213583946228027
85.5223848146417 0.16913747787475586
92.93562496234156 0.0070018768310546875
92.93562496234156 0.014003276824951172
92.93562496234156 0.021004915237426758
81.34484105541478 0.006001472473144531
81.34484105541478 0.013003110885620117
81.34484105541478 0.0200042724609375
59.804199265308114 0.008002281188964844
59.804199265308114 0.015003204345703125
59.804199265308114 0.023006916046142578
85.52238481464171 0.15631604194641113
85.52238481464171 0.16331791877746582
85.52238481464171 0.17085933685302734
92.93562496234162 0.007001638412475586
92.93562496234162 0.013489007949829102
92.93562496234162 0.02053356170654297
81.34484105541478 0.006531715393066406
81.34484105541478 0.013534069061279297
81.34484105541478 0.019619464874267578
59.804199265308114 0.006468057632446289
59.804199265308114 0.012999534606933594
59.804199265308114 0.021001338958740234
85.52238481464171 0.23734569549560547
85.52238481464171 0.24541306495666504
85.52238481464171 0.2537992000579834
92.93562496234162 0.008519172668457031
92.93562496234162 0.016602516174316406
92.93562496234162 0.025200366973876953
81.34484105541478 0.008013010025024414
81.34484105541478 0.008526086807250977
81.34484105541478 0.01611638069152832
59.804199265308114 0.007513523101806641
59.804199265308114 0.016086101531982422
59.804199265308114 0.02359938621520996
85.52238481464171 0.16715550422668457
85.52238481464171 0.18333745002746582
85.52238481464171 0.18392658233642578
92.93562496234162 0.008310079574584961
92.93562496234162 0.01661992073059082
92.93562496234162 0.024924278259277344
81.34484105541478 0.00045418739318847656
81.34484105541478 0.00883030891418457
81.34484105541478 0.019202470779418945
59.804199265308114 0.009897708892822266
59.804199265308114 0.016721487045288086
59.804199265308114 0.025035619735717773
