44.252681446969696 0.11109328269958496
44.252681446969696 1.5355925559997559
60.7465241040059 0.1792440414428711
60.7465241040059 0.2281639575958252
60.7465241040059 1.6489942073822021
66.13289454746312 1.4494655132293701
57.667972749457356 0.047388315200805664
57.667972749457356 0.09638786315917969
57.667972749457356 1.5574159622192383
44.252681446969696 0.05173969268798828
44.252681446969696 0.10825800895690918
44.252681446969696 1.5460376739501953
60.7465241040059 0.005999565124511719
60.7465241040059 0.010001659393310547
60.7465241040059 0.8216524124145508
66.13289454746312 0.820279598236084
57.667972749457356 0.004000186920166016
57.667972749457356 0.007999897003173828
57.667972749457356 0.822573184967041
44.252681446969696 0.004000186920166016
44.252681446969696 0.00851130485534668
44.252681446969696 0.855288028717041
60.7465241040059 0.04780220985412598
60.7465241040059 0.0973198413848877
60.7465241040059 1.5374910831451416
66.13289454746312 0.04861259460449219
66.13289454746312 0.10004734992980957
66.13289454746312 1.5184950828552246
57.667972749457356 0.04790687561035156
57.667972749457356 0.09690642356872559
57.667972749457356 1.5672030448913574
44.252681446969696 0.05008959770202637
44.252681446969696 0.10726356506347656
44.252681446969696 1.5213031768798828
60.28881701010395 0.048270225524902344
60.28881701010395 0.10027050971984863
60.28881701010395 1.5487275123596191
66.13289454746312 1.4902000427246094
57.667972749457356 0.053995609283447266
57.667972749457356 0.10552215576171875
57.667972749457356 1.6760382652282715
44.252681446969696 0.05500030517578125
44.252681446969696 0.11452054977416992
44.252681446969696 1.625298261642456
60.28881701010395 0.05100560188293457
60.28881701010395 0.10153341293334961
60.28881701010395 1.6649651527404785
66.13289454746312 1.511702299118042
57.667972749457356 0.05050849914550781
57.667972749457356 0.10150980949401855
57.667972749457356 1.5884499549865723
44.252681446969696 0.05144953727722168
44.252681446969696 0.10944747924804688
44.252681446969696 1.5810449123382568
60.28881701010395 0.04951643943786621
60.28881701010395 0.10351443290710449
60.28881701010395 1.5591390132904053
66.13289454746312 0.0493314266204834
66.13289454746312 0.10184383392333984
66.13289454746312 1.6071970462799072
57.667972749457356 0.049540042877197266
57.667972749457356 0.10105013847351074
57.667972749457356 1.6248385906219482
44.252681446969696 0.05451464653015137
44.252681446969696 0.11451888084411621
44.252681446969696 1.6021034717559814
59.9658614212003 0.1894063949584961
59.9658614212003 0.2371211051940918
59.9658614212003 1.7445178031921387
66.13289454746312 0.04875659942626953
66.13289454746312 0.10075664520263672
66.13289454746312 1.6002345085144043
57.667972749457356 0.04851222038269043
57.667972749457356 0.09751605987548828
57.667972749457356 1.6014657020568848
44.252681446969696 0.05450868606567383
44.252681446969696 0.11502647399902344
44.252681446969696 1.5860719680786133
60.68664255557297 0.048027753829956055
60.68664255557297 0.09864068031311035
60.68664255557297 1.5141897201538086
66.13289454746312 0.05003190040588379
66.13289454746312 0.10254478454589844
66.13289454746312 1.5447804927825928
57.667972749457356 0.04773354530334473
57.667972749457356 0.09673881530761719
57.667972749457356 1.5357215404510498
44.252681446969696 0.05160665512084961
44.252681446969696 0.1071157455444336
44.252681446969696 1.497750997543335
60.49301099042318 0.049102067947387695
60.49301099042318 0.10310959815979004
60.49301099042318 1.5016374588012695
66.13289454746312 0.04808235168457031
66.13289454746312 0.09909534454345703
66.13289454746312 1.518463134765625
57.667972749457356 0.046545982360839844
57.667972749457356 0.09507346153259277
57.667972749457356 1.5633883476257324
44.252681446969696 0.04966306686401367
44.252681446969696 0.1056663990020752
44.252681446969696 1.5126080513000488
60.49301099042318 1.3801321983337402
66.13289454746312 0.04755401611328125
66.13289454746312 0.1120762825012207
66.13289454746312 1.5496184825897217
57.667972749457356 0.04730081558227539
57.667972749457356 0.09530091285705566
57.667972749457356 1.5331904888153076
44.252681446969696 0.04987978935241699
44.252681446969696 0.1053934097290039
44.252681446969696 1.4799401760101318
60.122736489218624 0.04961395263671875
60.122736489218624 0.09717321395874023
60.122736489218624 1.5402562618255615
66.13289454746312 0.04937291145324707
66.13289454746312 0.1018822193145752
66.13289454746312 1.56852126121521
57.667972749457356 0.04805111885070801
57.667972749457356 0.09657001495361328
57.667972749457356 1.577199935913086
44.252681446969696 0.05151057243347168
44.252681446969696 0.10802674293518066
44.252681446969696 1.540391445159912
59.357374008105985 0.05099821090698242
59.357374008105985 0.1005098819732666
59.357374008105985 1.5323619842529297
66.13289454746312 0.04876255989074707
66.13289454746312 0.10129427909851074
66.13289454746312 1.5522959232330322
57.667972749457356 0.048002004623413086
57.667972749457356 0.09752655029296875
57.667972749457356 1.5951991081237793
44.252681446969696 0.05099987983703613
44.252681446969696 0.10759258270263672
44.252681446969696 1.5728240013122559
61.21094181723546 0.04812765121459961
61.21094181723546 0.09992766380310059
61.21094181723546 1.5664896965026855
66.13289454746312 0.04867410659790039
66.13289454746312 0.10067248344421387
66.13289454746312 1.560727596282959
57.667972749457356 0.04757213592529297
57.667972749457356 0.0960843563079834
57.667972749457356 1.5738139152526855
44.252681446969696 0.05100059509277344
44.252681446969696 0.11651897430419922
44.252681446969696 1.5787534713745117
61.82815637007209 0.04808235168457031
61.82815637007209 0.09759306907653809
61.82815637007209 1.5514624118804932
66.13289454746312 0.04857683181762695
66.13289454746312 0.10157942771911621
66.13289454746312 1.5768988132476807
57.667972749457356 0.048401594161987305
57.667972749457356 0.09840583801269531
57.667972749457356 1.583141803741455
44.252681446969696 0.05200600624084473
44.252681446969696 0.11052060127258301
44.252681446969696 1.5350158214569092
59.39790865488573 0.04841303825378418
59.39790865488573 0.10158300399780273
59.39790865488573 1.4988291263580322
66.13289454746312 0.04725480079650879
66.13289454746312 0.10077333450317383
66.13289454746312 1.5539774894714355
57.667972749457356 0.046514034271240234
57.667972749457356 0.0945138931274414
57.667972749457356 1.5782406330108643
44.252681446969696 0.052520036697387695
44.252681446969696 0.10951805114746094
44.252681446969696 1.5222876071929932
60.122471661130135 0.04862570762634277
60.122471661130135 0.09562826156616211
60.122471661130135 1.5105552673339844
66.13289454746312 0.04768204689025879
66.13289454746312 0.09968376159667969
66.13289454746312 1.556164026260376
57.667972749457356 0.049004316329956055
57.667972749457356 0.0975179672241211
57.667972749457356 1.5530509948730469
44.252681446969696 0.05250811576843262
44.252681446969696 0.11002874374389648
44.252681446969696 1.5316977500915527
60.34902162036462 0.15775251388549805
60.34902162036462 0.21727252006530762
60.34902162036462 1.736424207687378
66.13289454746312 0.05300402641296387
66.13289454746312 0.10351276397705078
66.13289454746312 1.5802578926086426
57.667972749457356 0.048999786376953125
57.667972749457356 0.09710693359375
57.667972749457356 1.5778203010559082
44.252681446969696 0.04999971389770508
44.252681446969696 0.10652041435241699
44.252681446969696 1.542022466659546
60.454239667314546 0.04900026321411133
60.454239667314546 0.0975191593170166
60.454239667314546 1.5465595722198486
66.13289454746312 0.04806661605834961
66.13289454746312 0.09906673431396484
66.13289454746312 1.5412213802337646
57.667972749457356 0.05800056457519531
57.667972749457356 0.10750865936279297
57.667972749457356 1.5783424377441406
44.252681446969696 0.050397634506225586
44.252681446969696 0.10690927505493164
44.252681446969696 1.5822250843048096
59.291863563873946 0.05093193054199219
59.291863563873946 0.10213565826416016
59.291863563873946 1.492680549621582
66.13289454746312 0.048513174057006836
66.13289454746312 0.09951424598693848
66.13289454746312 1.5387747287750244
57.667972749457356 0.04791140556335449
57.667972749457356 0.09742927551269531
57.667972749457356 1.5799543857574463
44.252681446969696 0.05099987983703613
44.252681446969696 0.10751724243164062
44.252681446969696 1.5396854877471924
58.18909913931117 0.046385765075683594
58.18909913931117 0.09489631652832031
58.18909913931117 1.545567274093628
66.13289454746312 0.049394845962524414
66.13289454746312 0.10139775276184082
66.13289454746312 1.5602152347564697
57.667972749457356 0.04859423637390137
57.667972749457356 0.0971066951751709
57.667972749457356 1.5799014568328857
44.252681446969696 0.05299997329711914
44.252681446969696 0.10951805114746094
44.252681446969696 1.5390448570251465
60.506179909852285 0.050000905990600586
60.506179909852285 0.10060739517211914
60.506179909852285 1.4874651432037354
66.13289454746312 0.04900026321411133
66.13289454746312 0.10051941871643066
66.13289454746312 1.5491971969604492
57.667972749457356 0.057521820068359375
57.667972749457356 0.1075143814086914
57.667972749457356 1.573540210723877
44.252681446969696 0.05079174041748047
44.252681446969696 0.10730195045471191
44.252681446969696 1.5228877067565918
58.77166210392988 0.048003196716308594
58.77166210392988 0.09651350975036621
58.77166210392988 1.5052893161773682
66.13289454746312 0.04838824272155762
66.13289454746312 0.10089373588562012
66.13289454746312 1.554213285446167
57.667972749457356 0.0491337776184082
57.667972749457356 0.09865021705627441
57.667972749457356 1.5838420391082764
44.252681446969696 0.051744699478149414
44.252681446969696 0.10875725746154785
44.252681446969696 1.5433173179626465
60.7465241040059 1.5731666088104248
66.13289454746312 1.429306983947754
59.44443725319083 0.0610964298248291
59.44443725319083 0.11209678649902344
59.44443725319083 1.494859218597412
66.13289454746312 0.047521114349365234
66.13289454746312 0.09804129600524902
66.13289454746312 1.523941993713379
57.667972749457356 0.04753851890563965
57.667972749457356 0.09753823280334473
57.667972749457356 1.532444715499878
44.252681446969696 0.05036568641662598
44.252681446969696 0.1064157485961914
44.252681446969696 1.5114927291870117
61.00043971757244 0.15137386322021484
61.00043971757244 0.19888734817504883
61.00043971757244 1.6675636768341064
66.13289454746312 0.048508644104003906
66.13289454746312 0.10051584243774414
66.13289454746312 1.5441405773162842
57.667972749457356 0.04697895050048828
57.667972749457356 0.09448933601379395
57.667972749457356 1.5346765518188477
44.252681446969696 0.05057573318481445
44.252681446969696 0.10769295692443848
44.252681446969696 1.5255801677703857
60.58211832633397 0.04854583740234375
60.58211832633397 0.09570741653442383
60.58211832633397 1.50872802734375
66.13289454746312 0.04898858070373535
66.13289454746312 0.10013699531555176
66.13289454746312 1.5407121181488037
57.667972749457356 0.0495145320892334
57.667972749457356 0.09951424598693848
57.667972749457356 1.5487585067749023
44.252681446969696 0.05099916458129883
44.252681446969696 0.10651373863220215
44.252681446969696 1.5173063278198242
59.45534047433852 0.04521751403808594
59.45534047433852 0.09483194351196289
59.45534047433852 1.4788391590118408
66.13289454746312 0.047528743743896484
66.13289454746312 0.0980374813079834
66.13289454746312 1.524247169494629
57.667972749457356 0.047151803970336914
57.667972749457356 0.09715390205383301
57.667972749457356 1.5616981983184814
44.252681446969696 0.051329612731933594
44.252681446969696 0.10839247703552246
44.252681446969696 1.5002968311309814
59.2363885830402 0.05066347122192383
59.2363885830402 0.09969353675842285
59.2363885830402 1.4879813194274902
66.13289454746312 0.04835844039916992
66.13289454746312 0.09935855865478516
66.13289454746312 1.5413486957550049
57.667972749457356 0.04639482498168945
57.667972749457356 0.09491086006164551
57.667972749457356 1.554596185684204
44.252681446969696 0.04972195625305176
44.252681446969696 0.10572671890258789
44.252681446969696 1.506394863128662
60.176694605486006 0.04775357246398926
60.176694605486006 0.09824013710021973
60.176694605486006 1.5234270095825195
66.13289454746312 0.046672821044921875
66.13289454746312 0.09967327117919922
66.13289454746312 1.5208714008331299
57.667972749457356 0.046315908432006836
57.667972749457356 0.09432077407836914
57.667972749457356 1.5417804718017578
44.252681446969696 0.05100297927856445
44.252681446969696 0.10750985145568848
44.252681446969696 1.515082836151123
60.59855596676225 0.04774165153503418
60.59855596676225 0.09574365615844727
60.59855596676225 1.5163261890411377
66.13289454746312 0.04853057861328125
66.13289454746312 0.09953737258911133
66.13289454746312 1.5744860172271729
57.667972749457356 0.051517486572265625
57.667972749457356 0.10251569747924805
57.667972749457356 1.63853120803833
44.252681446969696 0.05499982833862305
44.252681446969696 0.11451482772827148
44.252681446969696 1.5750460624694824
60.47806135468677 0.0480046272277832
60.47806135468677 0.09451079368591309
60.47806135468677 1.485410213470459
65.14737977645414 0.04652214050292969
65.14737977645414 0.09503650665283203
65.14737977645414 1.5521726608276367
57.667972749457356 0.04696154594421387
57.667972749457356 0.0959615707397461
57.667972749457356 1.5368096828460693
44.252681446969696 0.0500950813293457
44.252681446969696 0.10560369491577148
44.252681446969696 1.5108962059020996
60.7465241040059 0.11347317695617676
60.7465241040059 0.16247224807739258
60.7465241040059 1.627995252609253
66.13289454746312 0.04938173294067383
66.13289454746312 0.09989738464355469
66.13289454746312 1.5660064220428467
57.667972749457356 0.04900026321411133
57.667972749457356 0.09600591659545898
57.667972749457356 1.579890489578247
44.252681446969696 0.05140328407287598
44.252681446969696 0.10725283622741699
44.252681446969696 1.5441346168518066
60.7465241040059 0.04831814765930176
60.7465241040059 0.0973203182220459
60.7465241040059 1.5505659580230713
66.13289454746312 0.05008816719055176
66.13289454746312 0.10261058807373047
66.13289454746312 1.5773401260375977
57.667972749457356 0.046831369400024414
57.667972749457356 0.09484100341796875
57.667972749457356 1.5620238780975342
44.252681446969696 0.051679134368896484
44.252681446969696 0.10768580436706543
44.252681446969696 1.5370595455169678
60.7465241040059 0.047998666763305664
60.7465241040059 0.09696722030639648
60.7465241040059 1.529836893081665
66.13289454746312 0.049141645431518555
66.13289454746312 0.10117411613464355
66.13289454746312 1.546208381652832
57.667972749457356 0.048110246658325195
57.667972749457356 0.09639286994934082
57.667972749457356 1.5508933067321777
44.252681446969696 0.05222463607788086
44.252681446969696 0.10843992233276367
44.252681446969696 1.5138862133026123
60.7465241040059 0.04714512825012207
60.7465241040059 0.09498953819274902
60.7465241040059 1.5409672260284424
66.13289454746312 0.05106544494628906
66.13289454746312 0.10206413269042969
66.13289454746312 1.5576491355895996
57.667972749457356 0.04843258857727051
57.667972749457356 0.09694314002990723
57.667972749457356 1.6018812656402588
44.252681446969696 0.052529335021972656
44.252681446969696 0.11053633689880371
44.252681446969696 1.533736228942871
60.7465241040059 0.04740285873413086
60.7465241040059 0.09488391876220703
60.7465241040059 1.5396127700805664
66.13289454746312 0.0498044490814209
66.13289454746312 0.10132455825805664
66.13289454746312 1.559732437133789
57.667972749457356 0.0483400821685791
57.667972749457356 0.09834742546081543
57.667972749457356 1.5622193813323975
44.252681446969696 0.0498499870300293
44.252681446969696 0.1078493595123291
44.252681446969696 1.5518500804901123
60.7465241040059 0.05062389373779297
60.7465241040059 0.1016240119934082
60.7465241040059 1.5726556777954102
66.13289454746312 0.04987001419067383
66.13289454746312 0.10087013244628906
66.13289454746312 1.5572729110717773
57.667972749457356 0.04800224304199219
57.667972749457356 0.09651756286621094
57.667972749457356 1.5591073036193848
44.252681446969696 0.05051279067993164
44.252681446969696 0.10682272911071777
44.252681446969696 1.5182914733886719
60.7465241040059 0.04865860939025879
60.7465241040059 0.09816932678222656
60.7465241040059 1.595409631729126
66.13289454746312 0.0480046272277832
66.13289454746312 0.09951972961425781
66.13289454746312 1.561413049697876
57.667972749457356 0.04764103889465332
57.667972749457356 0.09664106369018555
57.667972749457356 1.5655574798583984
44.252681446969696 0.05300617218017578
44.252681446969696 0.10751581192016602
44.252681446969696 1.5201685428619385
60.7465241040059 0.054518938064575195
60.7465241040059 0.10704565048217773
60.7465241040059 1.6718342304229736
66.13289454746312 0.050514936447143555
66.13289454746312 0.1035151481628418
66.13289454746312 1.6192545890808105
57.667972749457356 0.05051112174987793
57.667972749457356 0.10051989555358887
57.667972749457356 2.0112709999084473
44.252681446969696 0.054000139236450195
44.252681446969696 0.1115121841430664
44.252681446969696 1.6696805953979492
60.7465241040059 0.049484968185424805
60.7465241040059 0.10000038146972656
60.7465241040059 1.519423246383667
66.13289454746312 0.04927492141723633
66.13289454746312 0.10038971900939941
66.13289454746312 1.5255959033966064
57.667972749457356 0.046964406967163086
57.667972749457356 0.09596586227416992
57.667972749457356 1.5622291564941406
44.252681446969696 0.051989078521728516
44.252681446969696 0.10799336433410645
44.252681446969696 1.5236620903015137
60.7465241040059 0.050104379653930664
60.7465241040059 0.10135960578918457
60.7465241040059 1.6738519668579102
66.13289454746312 0.06401467323303223
66.13289454746312 0.13519597053527832
66.13289454746312 1.8888380527496338
57.667972749457356 0.053995609283447266
57.667972749457356 0.10651969909667969
57.667972749457356 1.802391529083252
44.252681446969696 0.05900239944458008
44.252681446969696 0.11851358413696289
44.252681446969696 1.7303707599639893
60.7465241040059 0.049509286880493164
60.7465241040059 0.09951305389404297
60.7465241040059 1.5834758281707764
66.13289454746312 0.04851388931274414
66.13289454746312 0.09951376914978027
66.13289454746312 1.5372729301452637
57.667972749457356 0.04821896553039551
57.667972749457356 0.09673428535461426
57.667972749457356 1.5726697444915771
44.252681446969696 0.049532413482666016
44.252681446969696 0.10479974746704102
44.252681446969696 1.5193595886230469
60.7465241040059 0.0485081672668457
60.7465241040059 0.09751033782958984
60.7465241040059 1.630807638168335
66.13289454746312 0.05599522590637207
66.13289454746312 0.10798382759094238
66.13289454746312 1.6404705047607422
57.667972749457356 0.05552268028259277
57.667972749457356 0.10451698303222656
57.667972749457356 1.7211694717407227
44.252681446969696 0.05451655387878418
44.252681446969696 0.11403369903564453
44.252681446969696 1.621443510055542
60.7465241040059 0.04844832420349121
60.7465241040059 0.09679722785949707
60.7465241040059 1.544910192489624
66.13289454746312 0.04923892021179199
66.13289454746312 0.10323905944824219
66.13289454746312 1.567680835723877
57.667972749457356 0.048009395599365234
57.667972749457356 0.09853196144104004
57.667972749457356 1.5757074356079102
44.252681446969696 0.05158424377441406
44.252681446969696 0.10862994194030762
44.252681446969696 1.545367956161499
60.7465241040059 0.04900026321411133
60.7465241040059 0.09951901435852051
60.7465241040059 1.5540316104888916
66.13289454746312 0.04850959777832031
66.13289454746312 0.10051584243774414
66.13289454746312 1.5770628452301025
57.667972749457356 0.04952287673950195
57.667972749457356 0.09752511978149414
57.667972749457356 1.5882413387298584
44.252681446969696 0.05106377601623535
44.252681446969696 0.1060638427734375
44.252681446969696 1.5012626647949219
60.7465241040059 0.0482172966003418
60.7465241040059 0.09639763832092285
60.7465241040059 1.5406265258789062
66.13289454746312 0.049894094467163086
66.13289454746312 0.10264134407043457
66.13289454746312 1.5628232955932617
57.667972749457356 0.04793381690979004
57.667972749457356 0.09644055366516113
57.667972749457356 1.572847843170166
44.252681446969696 0.05085563659667969
44.252681446969696 0.10785984992980957
44.252681446969696 1.5347349643707275
60.7465241040059 0.05008697509765625
60.7465241040059 0.09908318519592285
60.7465241040059 1.5265653133392334
66.13289454746312 0.04909944534301758
66.13289454746312 0.10081243515014648
66.13289454746312 1.5568251609802246
57.667972749457356 0.04831504821777344
57.667972749457356 0.09682440757751465
57.667972749457356 1.5716261863708496
44.252681446969696 0.05099964141845703
44.252681446969696 0.10851478576660156
44.252681446969696 1.520334243774414
60.7465241040059 0.04907846450805664
60.7465241040059 0.09907913208007812
60.7465241040059 1.5619113445281982
66.13289454746312 0.04865717887878418
66.13289454746312 0.10216856002807617
66.13289454746312 1.5604736804962158
57.667972749457356 0.04889702796936035
57.667972749457356 0.09794425964355469
57.667972749457356 1.5834965705871582
44.252681446969696 0.053514719009399414
44.252681446969696 0.11113810539245605
44.252681446969696 1.542740821838379
60.7465241040059 0.049370527267456055
60.7465241040059 0.0986487865447998
60.7465241040059 1.6127619743347168
66.13289454746312 0.050511837005615234
66.13289454746312 0.1055150032043457
66.13289454746312 1.5629653930664062
57.667972749457356 0.04850125312805176
57.667972749457356 0.0971684455871582
57.667972749457356 1.5746796131134033
44.252681446969696 0.05198025703430176
44.252681446969696 0.1094961166381836
44.252681446969696 1.7162413597106934
60.7465241040059 0.049004554748535156
60.7465241040059 0.09911251068115234
60.7465241040059 1.5724847316741943
66.13289454746312 0.051013946533203125
66.13289454746312 0.10452961921691895
66.13289454746312 1.5815253257751465
57.667972749457356 0.04875373840332031
57.667972749457356 0.09775829315185547
57.667972749457356 1.5632705688476562
44.252681446969696 0.051937103271484375
44.252681446969696 0.11020827293395996
44.252681446969696 1.5714170932769775
60.7465241040059 0.04918336868286133
60.7465241040059 0.09769773483276367
60.7465241040059 1.6067194938659668
66.13289454746312 0.05313229560852051
66.13289454746312 0.10363960266113281
66.13289454746312 1.5963547229766846
57.667972749457356 0.048879146575927734
57.667972749457356 0.09839558601379395
57.667972749457356 1.6011021137237549
44.252681446969696 0.05270695686340332
44.252681446969696 0.11021876335144043
44.252681446969696 1.5685429573059082
60.7465241040059 0.052516937255859375
60.7465241040059 0.10351777076721191
60.7465241040059 1.5909090042114258
66.13289454746312 0.049208641052246094
66.13289454746312 0.10493612289428711
66.13289454746312 1.6047935485839844
57.667972749457356 0.04976058006286621
57.667972749457356 0.09976077079772949
57.667972749457356 1.6007020473480225
44.252681446969696 0.052056074142456055
44.252681446969696 0.11005592346191406
44.252681446969696 1.5518476963043213
60.7465241040059 0.0059947967529296875
60.7465241040059 0.0099945068359375
60.7465241040059 0.8437831401824951
66.13289454746312 0.004000186920166016
66.13289454746312 0.008003950119018555
66.13289454746312 0.8225240707397461
57.667972749457356 0.0039997100830078125
57.667972749457356 0.00899958610534668
57.667972749457356 0.8324882984161377
44.252681446969696 0.0040035247802734375
44.252681446969696 0.008008718490600586
44.252681446969696 0.8455839157104492
60.7465241040059 0.004988908767700195
60.7465241040059 0.008988380432128906
60.7465241040059 0.837977409362793
66.13289454746312 0.004001140594482422
66.13289454746312 0.0075037479400634766
66.13289454746312 0.845780611038208
57.667972749457356 0.004000186920166016
57.667972749457356 0.00899958610534668
57.667972749457356 0.8504486083984375
44.252681446969696 0.0035028457641601562
44.252681446969696 0.008507490158081055
44.252681446969696 0.8698146343231201
60.7465241040059 0.0059969425201416016
60.7465241040059 0.010997295379638672
60.7465241040059 0.8950679302215576
66.13289454746312 0.004999637603759766
66.13289454746312 0.009000062942504883
66.13289454746312 0.870352029800415
57.667972749457356 0.004999876022338867
57.667972749457356 0.009004592895507812
57.667972749457356 0.8543651103973389
44.252681446969696 0.004985809326171875
44.252681446969696 0.009987115859985352
44.252681446969696 0.8677468299865723
60.7465241040059 0.16530609130859375
60.7465241040059 0.21381759643554688
60.7465241040059 1.6455156803131104
66.13289454746312 0.05039715766906738
66.13289454746312 0.10039830207824707
66.13289454746312 1.540916919708252
57.667972749457356 0.047069549560546875
57.667972749457356 0.0950767993927002
57.667972749457356 1.5440869331359863
44.252681446969696 0.05000424385070801
44.252681446969696 0.10620236396789551
44.252681446969696 1.5164213180541992
60.7465241040059 0.047583580017089844
60.7465241040059 0.09658384323120117
60.7465241040059 1.511531114578247
66.13289454746312 0.04753828048706055
66.13289454746312 0.09955167770385742
66.13289454746312 1.521047592163086
57.667972749457356 0.04802298545837402
57.667972749457356 0.09607934951782227
57.667972749457356 1.5391333103179932
44.252681446969696 0.0495145320892334
44.252681446969696 0.10552215576171875
44.252681446969696 1.489211082458496
60.7465241040059 0.0472409725189209
60.7465241040059 0.09524083137512207
60.7465241040059 1.5484826564788818
66.13289454746312 0.04900383949279785
66.13289454746312 0.1015167236328125
66.13289454746312 1.539740800857544
57.667972749457356 0.04651212692260742
57.667972749457356 0.0945124626159668
57.667972749457356 1.5519957542419434
44.252681446969696 0.05008506774902344
44.252681446969696 0.10532879829406738
44.252681446969696 1.5128490924835205
60.7465241040059 0.048180580139160156
60.7465241040059 0.0967404842376709
60.7465241040059 1.533299446105957
66.13289454746312 0.049008846282958984
66.13289454746312 0.10038304328918457
66.13289454746312 1.5505242347717285
57.667972749457356 0.048484086990356445
57.667972749457356 0.09599709510803223
57.667972749457356 1.5642476081848145
44.252681446969696 0.05050802230834961
44.252681446969696 0.10651516914367676
44.252681446969696 1.5078537464141846
60.7465241040059 0.04898643493652344
60.7465241040059 0.09676384925842285
60.7465241040059 1.5446889400482178
66.13289454746312 0.04952287673950195
66.13289454746312 0.10082602500915527
66.13289454746312 1.576145887374878
57.667972749457356 0.04907369613647461
57.667972749457356 0.09868001937866211
57.667972749457356 1.5672178268432617
44.252681446969696 0.05251502990722656
44.252681446969696 0.11031651496887207
44.252681446969696 1.5123341083526611
60.7465241040059 0.04928255081176758
60.7465241040059 0.09928703308105469
60.7465241040059 1.5280282497406006
66.13289454746312 0.05138874053955078
66.13289454746312 0.10631895065307617
66.13289454746312 1.5533716678619385
57.667972749457356 0.04650759696960449
57.667972749457356 0.09651446342468262
57.667972749457356 1.5655794143676758
44.252681446969696 0.05751299858093262
44.252681446969696 0.12351298332214355
44.252681446969696 1.5390872955322266
65.56684451317889 0.05136561393737793
65.56684451317889 0.10022521018981934
65.56684451317889 1.4921278953552246
66.13289454746312 0.04804635047912598
66.13289454746312 0.0980522632598877
66.13289454746312 1.514413833618164
57.667972749457356 0.04848933219909668
57.667972749457356 0.09676623344421387
57.667972749457356 1.5277831554412842
44.252681446969696 0.049910783767700195
44.252681446969696 0.1054234504699707
44.252681446969696 1.475153923034668
60.7465241040059 0.05100369453430176
60.7465241040059 0.10351824760437012
60.7465241040059 1.6162948608398438
66.13289454746312 0.05184674263000488
66.13289454746312 0.10384845733642578
66.13289454746312 1.6379384994506836
57.667972749457356 0.05299782752990723
57.667972749457356 0.10251593589782715
57.667972749457356 1.6849784851074219
44.252681446969696 0.05755949020385742
44.252681446969696 0.11507606506347656
44.252681446969696 1.7224791049957275
60.7465241040059 0.0565187931060791
60.7465241040059 0.10651898384094238
60.7465241040059 1.5516033172607422
66.13289454746312 0.047904253005981445
66.13289454746312 0.09942626953125
66.13289454746312 1.5680387020111084
57.667972749457356 0.04851055145263672
57.667972749457356 0.09751653671264648
57.667972749457356 1.6174266338348389
44.252681446969696 0.052355289459228516
44.252681446969696 0.10987544059753418
44.252681446969696 1.565990924835205
105.26077901717295 0.051006317138671875
105.26077901717295 0.09606170654296875
105.26077901717295 2.1322824954986572
66.13289454746312 0.047513723373413086
66.13289454746312 0.09851574897766113
66.13289454746312 1.556208848953247
57.667972749457356 0.047522544860839844
57.667972749457356 0.09603738784790039
57.667972749457356 1.5687522888183594
44.252681446969696 0.04999876022338867
44.252681446969696 0.10451602935791016
44.252681446969696 1.553919792175293
60.7465241040059 0.048416852951049805
60.7465241040059 0.09441685676574707
60.7465241040059 1.4898290634155273
66.13289454746312 0.04700279235839844
66.13289454746312 0.09751081466674805
66.13289454746312 1.5124962329864502
57.667972749457356 0.04851031303405762
57.667972749457356 0.09651017189025879
57.667972749457356 1.5344934463500977
44.252681446969696 0.04951024055480957
44.252681446969696 0.10602617263793945
44.252681446969696 1.5013155937194824
60.7465241040059 0.046663522720336914
60.7465241040059 0.09418320655822754
60.7465241040059 1.4977247714996338
66.13289454746312 0.04730582237243652
66.13289454746312 0.09781813621520996
66.13289454746312 1.524183988571167
57.667972749457356 0.05409121513366699
57.667972749457356 0.11164379119873047
57.667972749457356 1.5628550052642822
44.252681446969696 0.05200505256652832
44.252681446969696 0.1070718765258789
44.252681446969696 1.466890811920166
60.7465241040059 0.05051136016845703
60.7465241040059 0.09951257705688477
60.7465241040059 1.5351269245147705
66.13289454746312 0.04779648780822754
66.13289454746312 0.10037922859191895
66.13289454746312 1.556917667388916
57.667972749457356 0.05000424385070801
57.667972749457356 0.09800386428833008
57.667972749457356 1.5540900230407715
44.252681446969696 0.051007986068725586
44.252681446969696 0.11052727699279785
44.252681446969696 1.5261363983154297
